Sample	0	1	2	3	4	5	6	7	8	9	10	11	12	13	14	15	16	17	18	19	20	21	22	23	24	25	26	27	28	29	30	31	32	33	34	35
SRR33022240_1	(14.0, 6.0)	(15.0, 23.0)	(16.0, 60.0)	(17.0, 119.0)	(18.0, 164.0)	(19.0, 321.0)	(20.0, 551.0)	(21.0, 836.0)	(22.0, 1158.0)	(23.0, 1597.0)	(24.0, 2157.0)	(25.0, 2885.0)	(26.0, 3913.0)	(27.0, 4960.0)	(28.0, 6465.0)	(29.0, 8423.0)	(30.0, 10691.0)	(31.0, 13848.0)	(32.0, 18216.0)	(33.0, 24842.0)	(34.0, 36185.0)	(35.0, 61251.0)	(36.0, 135361.0)	(37.0, 134224.0)												
SRR33022240_2	(11.0, 1.0)	(12.0, 20.0)	(13.0, 130.0)	(14.0, 373.0)	(15.0, 518.0)	(16.0, 598.0)	(17.0, 877.0)	(18.0, 1295.0)	(19.0, 1993.0)	(20.0, 2731.0)	(21.0, 3735.0)	(22.0, 5027.0)	(23.0, 6890.0)	(24.0, 8775.0)	(25.0, 11219.0)	(26.0, 14338.0)	(27.0, 18144.0)	(28.0, 22917.0)	(29.0, 29124.0)	(30.0, 36530.0)	(31.0, 47276.0)	(32.0, 58357.0)	(33.0, 70431.0)	(34.0, 72559.0)	(35.0, 46460.0)	(36.0, 7908.0)	(37.0, 30.0)									
SRR33022241_1	(13.0, 2.0)	(14.0, 23.0)	(15.0, 124.0)	(16.0, 319.0)	(17.0, 339.0)	(18.0, 473.0)	(19.0, 717.0)	(20.0, 968.0)	(21.0, 1103.0)	(22.0, 1324.0)	(23.0, 1524.0)	(24.0, 2070.0)	(25.0, 2847.0)	(26.0, 3666.0)	(27.0, 4714.0)	(28.0, 6007.0)	(29.0, 7940.0)	(30.0, 10205.0)	(31.0, 13461.0)	(32.0, 17520.0)	(33.0, 24262.0)	(34.0, 34929.0)	(35.0, 59174.0)	(36.0, 132294.0)	(37.0, 133234.0)											
SRR33022241_2	(11.0, 2.0)	(12.0, 61.0)	(13.0, 530.0)	(14.0, 1009.0)	(15.0, 739.0)	(16.0, 650.0)	(17.0, 873.0)	(18.0, 1187.0)	(19.0, 1803.0)	(20.0, 2579.0)	(21.0, 3600.0)	(22.0, 4825.0)	(23.0, 6350.0)	(24.0, 8221.0)	(25.0, 10676.0)	(26.0, 13500.0)	(27.0, 17479.0)	(28.0, 21618.0)	(29.0, 27720.0)	(30.0, 35187.0)	(31.0, 44953.0)	(32.0, 56516.0)	(33.0, 68158.0)	(34.0, 71825.0)	(35.0, 49520.0)	(36.0, 9607.0)	(37.0, 51.0)									
SRR33022242_1	(14.0, 23.0)	(15.0, 183.0)	(16.0, 513.0)	(17.0, 600.0)	(18.0, 647.0)	(19.0, 968.0)	(20.0, 1499.0)	(21.0, 2077.0)	(22.0, 2679.0)	(23.0, 3488.0)	(24.0, 4540.0)	(25.0, 6115.0)	(26.0, 8072.0)	(27.0, 10589.0)	(28.0, 13091.0)	(29.0, 16692.0)	(30.0, 21484.0)	(31.0, 27867.0)	(32.0, 36580.0)	(33.0, 50067.0)	(34.0, 74159.0)	(35.0, 125500.0)	(36.0, 203666.0)	(37.0, 72155.0)												
SRR33022242_2	(11.0, 13.0)	(12.0, 56.0)	(13.0, 354.0)	(14.0, 1027.0)	(15.0, 1064.0)	(16.0, 1381.0)	(17.0, 2260.0)	(18.0, 3390.0)	(19.0, 4854.0)	(20.0, 6721.0)	(21.0, 9408.0)	(22.0, 12615.0)	(23.0, 16515.0)	(24.0, 20750.0)	(25.0, 26553.0)	(26.0, 31808.0)	(27.0, 39636.0)	(28.0, 47848.0)	(29.0, 57767.0)	(30.0, 68461.0)	(31.0, 78793.0)	(32.0, 87392.0)	(33.0, 85253.0)	(34.0, 58749.0)	(35.0, 19089.0)	(36.0, 1492.0)	(37.0, 5.0)									
SRR33022243_1	(15.0, 20.0)	(16.0, 42.0)	(17.0, 147.0)	(18.0, 361.0)	(19.0, 753.0)	(20.0, 1313.0)	(21.0, 1802.0)	(22.0, 2328.0)	(23.0, 3073.0)	(24.0, 4072.0)	(25.0, 5827.0)	(26.0, 7477.0)	(27.0, 9930.0)	(28.0, 12881.0)	(29.0, 15944.0)	(30.0, 20926.0)	(31.0, 26968.0)	(32.0, 35566.0)	(33.0, 49410.0)	(34.0, 73856.0)	(35.0, 124646.0)	(36.0, 203810.0)	(37.0, 71002.0)													
SRR33022243_2	(11.0, 13.0)	(12.0, 71.0)	(13.0, 458.0)	(14.0, 1263.0)	(15.0, 1200.0)	(16.0, 1557.0)	(17.0, 2352.0)	(18.0, 3805.0)	(19.0, 5275.0)	(20.0, 7564.0)	(21.0, 10156.0)	(22.0, 13408.0)	(23.0, 17525.0)	(24.0, 21695.0)	(25.0, 26452.0)	(26.0, 32338.0)	(27.0, 39375.0)	(28.0, 47177.0)	(29.0, 56041.0)	(30.0, 66923.0)	(31.0, 76507.0)	(32.0, 84423.0)	(33.0, 80808.0)	(34.0, 55936.0)	(35.0, 18533.0)	(36.0, 1296.0)	(37.0, 3.0)									
SRR33022244_1	(13.0, 1.0)	(14.0, 4.0)	(15.0, 33.0)	(16.0, 132.0)	(17.0, 342.0)	(18.0, 703.0)	(19.0, 1159.0)	(20.0, 1588.0)	(21.0, 2230.0)	(22.0, 2757.0)	(23.0, 3661.0)	(24.0, 4821.0)	(25.0, 6594.0)	(26.0, 8338.0)	(27.0, 10798.0)	(28.0, 14046.0)	(29.0, 17781.0)	(30.0, 22480.0)	(31.0, 29494.0)	(32.0, 38609.0)	(33.0, 53264.0)	(34.0, 78961.0)	(35.0, 131580.0)	(36.0, 208420.0)	(37.0, 67938.0)											
SRR33022244_2	(11.0, 10.0)	(12.0, 90.0)	(13.0, 625.0)	(14.0, 1465.0)	(15.0, 1205.0)	(16.0, 1334.0)	(17.0, 2042.0)	(18.0, 3057.0)	(19.0, 4381.0)	(20.0, 6241.0)	(21.0, 8979.0)	(22.0, 12462.0)	(23.0, 16365.0)	(24.0, 21043.0)	(25.0, 25667.0)	(26.0, 30728.0)	(27.0, 37928.0)	(28.0, 46660.0)	(29.0, 56640.0)	(30.0, 68015.0)	(31.0, 80559.0)	(32.0, 91196.0)	(33.0, 92562.0)	(34.0, 68887.0)	(35.0, 25357.0)	(36.0, 2235.0)	(37.0, 1.0)									
SRR33022245_1	(14.0, 1.0)	(15.0, 8.0)	(16.0, 39.0)	(17.0, 78.0)	(18.0, 194.0)	(19.0, 359.0)	(20.0, 706.0)	(21.0, 1331.0)	(22.0, 1994.0)	(23.0, 3029.0)	(24.0, 4180.0)	(25.0, 5769.0)	(26.0, 7425.0)	(27.0, 9585.0)	(28.0, 12473.0)	(29.0, 16115.0)	(30.0, 20603.0)	(31.0, 26843.0)	(32.0, 34826.0)	(33.0, 48142.0)	(34.0, 72011.0)	(35.0, 121888.0)	(36.0, 196684.0)	(37.0, 63362.0)												
SRR33022245_2	(11.0, 3.0)	(12.0, 21.0)	(13.0, 77.0)	(14.0, 346.0)	(15.0, 682.0)	(16.0, 1300.0)	(17.0, 2615.0)	(18.0, 3996.0)	(19.0, 5849.0)	(20.0, 8630.0)	(21.0, 13349.0)	(22.0, 17296.0)	(23.0, 16906.0)	(24.0, 20336.0)	(25.0, 24572.0)	(26.0, 30053.0)	(27.0, 36370.0)	(28.0, 44326.0)	(29.0, 53887.0)	(30.0, 63845.0)	(31.0, 74535.0)	(32.0, 82774.0)	(33.0, 78855.0)	(34.0, 51584.0)	(35.0, 14591.0)	(36.0, 844.0)	(37.0, 3.0)									
SRR33022246_1	(14.0, 2.0)	(15.0, 30.0)	(16.0, 82.0)	(17.0, 146.0)	(18.0, 270.0)	(19.0, 512.0)	(20.0, 931.0)	(21.0, 1259.0)	(22.0, 1885.0)	(23.0, 2591.0)	(24.0, 3511.0)	(25.0, 4773.0)	(26.0, 6386.0)	(27.0, 8151.0)	(28.0, 10053.0)	(29.0, 13063.0)	(30.0, 16505.0)	(31.0, 21005.0)	(32.0, 26889.0)	(33.0, 36629.0)	(34.0, 53942.0)	(35.0, 89436.0)	(36.0, 131076.0)	(37.0, 34598.0)												
SRR33022246_2	(11.0, 8.0)	(12.0, 45.0)	(13.0, 123.0)	(14.0, 500.0)	(15.0, 645.0)	(16.0, 976.0)	(17.0, 1616.0)	(18.0, 2400.0)	(19.0, 3588.0)	(20.0, 4778.0)	(21.0, 6627.0)	(22.0, 8892.0)	(23.0, 11841.0)	(24.0, 15043.0)	(25.0, 18445.0)	(26.0, 22253.0)	(27.0, 27367.0)	(28.0, 32998.0)	(29.0, 39420.0)	(30.0, 46525.0)	(31.0, 54179.0)	(32.0, 59190.0)	(33.0, 56014.0)	(34.0, 37671.0)	(35.0, 11843.0)	(36.0, 737.0)	(37.0, 1.0)									
SRR33022247_1	(13.0, 1.0)	(14.0, 9.0)	(15.0, 103.0)	(16.0, 322.0)	(17.0, 473.0)	(18.0, 581.0)	(19.0, 902.0)	(20.0, 1245.0)	(21.0, 1538.0)	(22.0, 2018.0)	(23.0, 2551.0)	(24.0, 3138.0)	(25.0, 4101.0)	(26.0, 5155.0)	(27.0, 6454.0)	(28.0, 8156.0)	(29.0, 10424.0)	(30.0, 12912.0)	(31.0, 16201.0)	(32.0, 21440.0)	(33.0, 28948.0)	(34.0, 42319.0)	(35.0, 71016.0)	(36.0, 125853.0)	(37.0, 67651.0)											
SRR33022247_2	(11.0, 20.0)	(12.0, 58.0)	(13.0, 245.0)	(14.0, 753.0)	(15.0, 690.0)	(16.0, 720.0)	(17.0, 927.0)	(18.0, 1458.0)	(19.0, 2168.0)	(20.0, 3080.0)	(21.0, 4307.0)	(22.0, 5792.0)	(23.0, 7728.0)	(24.0, 10106.0)	(25.0, 12955.0)	(26.0, 16409.0)	(27.0, 20723.0)	(28.0, 26164.0)	(29.0, 32692.0)	(30.0, 40908.0)	(31.0, 49628.0)	(32.0, 60272.0)	(33.0, 64087.0)	(34.0, 50305.0)	(35.0, 19647.0)	(36.0, 1666.0)	(37.0, 3.0)									
SRR33022248_1	(12.0, 1.0)	(13.0, 8.0)	(14.0, 29.0)	(15.0, 272.0)	(16.0, 884.0)	(17.0, 1448.0)	(18.0, 2289.0)	(19.0, 3701.0)	(20.0, 5398.0)	(21.0, 7097.0)	(22.0, 8605.0)	(23.0, 10778.0)	(24.0, 13789.0)	(25.0, 17455.0)	(26.0, 22074.0)	(27.0, 27645.0)	(28.0, 34530.0)	(29.0, 43207.0)	(30.0, 54453.0)	(31.0, 70765.0)	(32.0, 92057.0)	(33.0, 125495.0)	(34.0, 185469.0)	(35.0, 310054.0)	(36.0, 546333.0)	(37.0, 269880.0)										
SRR33022248_2	(10.0, 2.0)	(11.0, 59.0)	(12.0, 203.0)	(13.0, 1417.0)	(14.0, 3819.0)	(15.0, 3292.0)	(16.0, 3241.0)	(17.0, 4338.0)	(18.0, 6355.0)	(19.0, 9398.0)	(20.0, 13455.0)	(21.0, 18511.0)	(22.0, 25155.0)	(23.0, 33929.0)	(24.0, 43401.0)	(25.0, 55460.0)	(26.0, 69600.0)	(27.0, 88011.0)	(28.0, 111285.0)	(29.0, 140169.0)	(30.0, 174821.0)	(31.0, 214424.0)	(32.0, 254066.0)	(33.0, 271679.0)	(34.0, 213974.0)	(35.0, 85721.0)	(36.0, 7913.0)	(37.0, 18.0)								
SRR33022249_1	(11.0, 2.0)	(12.0, 7.0)	(13.0, 38.0)	(14.0, 210.0)	(15.0, 1534.0)	(16.0, 4650.0)	(17.0, 7543.0)	(18.0, 11245.0)	(19.0, 17021.0)	(20.0, 24985.0)	(21.0, 36587.0)	(22.0, 50752.0)	(23.0, 69344.0)	(24.0, 92453.0)	(25.0, 121274.0)	(26.0, 156217.0)	(27.0, 198566.0)	(28.0, 251510.0)	(29.0, 320147.0)	(30.0, 410339.0)	(31.0, 537518.0)	(32.0, 720759.0)	(33.0, 977918.0)	(34.0, 1383471.0)	(35.0, 2157737.0)	(36.0, 3446495.0)	(37.0, 1455459.0)									
SRR33022249_2	(2.0, 8.0)	(3.0, 3.0)	(4.0, 21.0)	(5.0, 20.0)	(6.0, 36.0)	(7.0, 37.0)	(8.0, 62.0)	(9.0, 125.0)	(10.0, 183.0)	(11.0, 832.0)	(12.0, 2471.0)	(13.0, 4131.0)	(14.0, 8548.0)	(15.0, 13770.0)	(16.0, 14386.0)	(17.0, 17863.0)	(18.0, 24755.0)	(19.0, 35411.0)	(20.0, 54331.0)	(21.0, 83796.0)	(22.0, 125781.0)	(23.0, 182506.0)	(24.0, 256213.0)	(25.0, 347913.0)	(26.0, 463277.0)	(27.0, 605428.0)	(28.0, 770598.0)	(29.0, 949049.0)	(30.0, 1152999.0)	(31.0, 1415175.0)	(32.0, 1746057.0)	(33.0, 1916542.0)	(34.0, 1521997.0)	(35.0, 653096.0)	(36.0, 85845.0)	(37.0, 516.0)
SRR33022250_1	(13.0, 3.0)	(14.0, 63.0)	(15.0, 534.0)	(16.0, 1083.0)	(17.0, 767.0)	(18.0, 621.0)	(19.0, 773.0)	(20.0, 987.0)	(21.0, 1376.0)	(22.0, 1806.0)	(23.0, 2362.0)	(24.0, 3204.0)	(25.0, 3929.0)	(26.0, 5048.0)	(27.0, 6256.0)	(28.0, 7972.0)	(29.0, 9826.0)	(30.0, 12513.0)	(31.0, 16423.0)	(32.0, 21523.0)	(33.0, 29546.0)	(34.0, 43852.0)	(35.0, 73451.0)	(36.0, 128013.0)	(37.0, 66870.0)											
SRR33022250_2	(10.0, 1.0)	(11.0, 14.0)	(12.0, 23.0)	(13.0, 66.0)	(14.0, 256.0)	(15.0, 412.0)	(16.0, 565.0)	(17.0, 926.0)	(18.0, 1383.0)	(19.0, 2131.0)	(20.0, 3219.0)	(21.0, 4494.0)	(22.0, 6159.0)	(23.0, 8068.0)	(24.0, 10455.0)	(25.0, 13430.0)	(26.0, 16804.0)	(27.0, 21360.0)	(28.0, 27263.0)	(29.0, 33791.0)	(30.0, 42400.0)	(31.0, 51418.0)	(32.0, 60644.0)	(33.0, 63607.0)	(34.0, 48988.0)	(35.0, 19192.0)	(36.0, 1729.0)	(37.0, 3.0)								
SRR33022251_1	(13.0, 1.0)	(14.0, 7.0)	(15.0, 41.0)	(16.0, 193.0)	(17.0, 496.0)	(18.0, 856.0)	(19.0, 1361.0)	(20.0, 1749.0)	(21.0, 2155.0)	(22.0, 2772.0)	(23.0, 3629.0)	(24.0, 4827.0)	(25.0, 6327.0)	(26.0, 8603.0)	(27.0, 10999.0)	(28.0, 14034.0)	(29.0, 18123.0)	(30.0, 22929.0)	(31.0, 29880.0)	(32.0, 39621.0)	(33.0, 54326.0)	(34.0, 80583.0)	(35.0, 133560.0)	(36.0, 211316.0)	(37.0, 72460.0)											
SRR33022251_2	(11.0, 23.0)	(12.0, 223.0)	(13.0, 1233.0)	(14.0, 1955.0)	(15.0, 1352.0)	(16.0, 1504.0)	(17.0, 2495.0)	(18.0, 3684.0)	(19.0, 5186.0)	(20.0, 7042.0)	(21.0, 9578.0)	(22.0, 12931.0)	(23.0, 16703.0)	(24.0, 21371.0)	(25.0, 26809.0)	(26.0, 33087.0)	(27.0, 39782.0)	(28.0, 48884.0)	(29.0, 58886.0)	(30.0, 70835.0)	(31.0, 82671.0)	(32.0, 92734.0)	(33.0, 92288.0)	(34.0, 65509.0)	(35.0, 22535.0)	(36.0, 1547.0)	(37.0, 1.0)									
SRR33022252_1	(13.0, 5.0)	(14.0, 28.0)	(15.0, 215.0)	(16.0, 653.0)	(17.0, 790.0)	(18.0, 1076.0)	(19.0, 1440.0)	(20.0, 1954.0)	(21.0, 2627.0)	(22.0, 3250.0)	(23.0, 4055.0)	(24.0, 5062.0)	(25.0, 6234.0)	(26.0, 7535.0)	(27.0, 9545.0)	(28.0, 11858.0)	(29.0, 14614.0)	(30.0, 17990.0)	(31.0, 22457.0)	(32.0, 29830.0)	(33.0, 39575.0)	(34.0, 57263.0)	(35.0, 92899.0)	(36.0, 162478.0)	(37.0, 85087.0)											
SRR33022252_2	(11.0, 16.0)	(12.0, 47.0)	(13.0, 209.0)	(14.0, 753.0)	(15.0, 835.0)	(16.0, 876.0)	(17.0, 1321.0)	(18.0, 2062.0)	(19.0, 2885.0)	(20.0, 4185.0)	(21.0, 6106.0)	(22.0, 8120.0)	(23.0, 10892.0)	(24.0, 14260.0)	(25.0, 18046.0)	(26.0, 22901.0)	(27.0, 28519.0)	(28.0, 36029.0)	(29.0, 44855.0)	(30.0, 54859.0)	(31.0, 67599.0)	(32.0, 79446.0)	(33.0, 83643.0)	(34.0, 64050.0)	(35.0, 24026.0)	(36.0, 1977.0)	(37.0, 3.0)									
SRR33022253_1	(13.0, 21.0)	(14.0, 88.0)	(15.0, 361.0)	(16.0, 894.0)	(17.0, 1352.0)	(18.0, 1808.0)	(19.0, 2343.0)	(20.0, 2854.0)	(21.0, 3260.0)	(22.0, 3936.0)	(23.0, 4874.0)	(24.0, 6181.0)	(25.0, 8032.0)	(26.0, 10205.0)	(27.0, 12781.0)	(28.0, 16331.0)	(29.0, 20498.0)	(30.0, 26159.0)	(31.0, 33177.0)	(32.0, 44018.0)	(33.0, 59966.0)	(34.0, 88634.0)	(35.0, 148071.0)	(36.0, 245287.0)	(37.0, 110216.0)											
SRR33022253_2	(11.0, 29.0)	(12.0, 324.0)	(13.0, 2170.0)	(14.0, 2685.0)	(15.0, 1557.0)	(16.0, 1353.0)	(17.0, 1644.0)	(18.0, 2444.0)	(19.0, 3322.0)	(20.0, 4990.0)	(21.0, 7072.0)	(22.0, 10000.0)	(23.0, 13362.0)	(24.0, 17743.0)	(25.0, 23082.0)	(26.0, 29303.0)	(27.0, 37223.0)	(28.0, 47714.0)	(29.0, 60876.0)	(30.0, 76731.0)	(31.0, 94986.0)	(32.0, 115888.0)	(33.0, 128718.0)	(34.0, 111163.0)	(35.0, 51181.0)	(36.0, 5762.0)	(37.0, 25.0)									
SRR33022254_1	(13.0, 1.0)	(14.0, 16.0)	(15.0, 130.0)	(16.0, 371.0)	(17.0, 519.0)	(18.0, 701.0)	(19.0, 1014.0)	(20.0, 1400.0)	(21.0, 1970.0)	(22.0, 2495.0)	(23.0, 3245.0)	(24.0, 4162.0)	(25.0, 5295.0)	(26.0, 6549.0)	(27.0, 8334.0)	(28.0, 10260.0)	(29.0, 12781.0)	(30.0, 15874.0)	(31.0, 20737.0)	(32.0, 26869.0)	(33.0, 36391.0)	(34.0, 53659.0)	(35.0, 89516.0)	(36.0, 154115.0)	(37.0, 75515.0)											
SRR33022254_2	(11.0, 22.0)	(12.0, 50.0)	(13.0, 190.0)	(14.0, 695.0)	(15.0, 799.0)	(16.0, 943.0)	(17.0, 1309.0)	(18.0, 2040.0)	(19.0, 2693.0)	(20.0, 3921.0)	(21.0, 5500.0)	(22.0, 7600.0)	(23.0, 10257.0)	(24.0, 12703.0)	(25.0, 16501.0)	(26.0, 20636.0)	(27.0, 25927.0)	(28.0, 32771.0)	(29.0, 41181.0)	(30.0, 51455.0)	(31.0, 62096.0)	(32.0, 73225.0)	(33.0, 76719.0)	(34.0, 58391.0)	(35.0, 22374.0)	(36.0, 1917.0)	(37.0, 4.0)									
SRR33022255_1	(13.0, 1.0)	(14.0, 14.0)	(15.0, 107.0)	(16.0, 339.0)	(17.0, 558.0)	(18.0, 769.0)	(19.0, 1119.0)	(20.0, 1550.0)	(21.0, 1835.0)	(22.0, 2146.0)	(23.0, 2758.0)	(24.0, 3333.0)	(25.0, 4139.0)	(26.0, 5328.0)	(27.0, 6789.0)	(28.0, 8379.0)	(29.0, 10295.0)	(30.0, 13176.0)	(31.0, 16904.0)	(32.0, 21893.0)	(33.0, 29939.0)	(34.0, 44183.0)	(35.0, 74029.0)	(36.0, 128550.0)	(37.0, 62716.0)											
SRR33022255_2	(10.0, 1.0)	(11.0, 12.0)	(12.0, 66.0)	(13.0, 539.0)	(14.0, 1188.0)	(15.0, 826.0)	(16.0, 710.0)	(17.0, 922.0)	(18.0, 1377.0)	(19.0, 1961.0)	(20.0, 2811.0)	(21.0, 4056.0)	(22.0, 5609.0)	(23.0, 7347.0)	(24.0, 9633.0)	(25.0, 12466.0)	(26.0, 15822.0)	(27.0, 19787.0)	(28.0, 25180.0)	(29.0, 32097.0)	(30.0, 40327.0)	(31.0, 49914.0)	(32.0, 59772.0)	(33.0, 66551.0)	(34.0, 55149.0)	(35.0, 24185.0)	(36.0, 2534.0)	(37.0, 7.0)								
SRR33022256_1	(13.0, 1.0)	(14.0, 3.0)	(15.0, 11.0)	(16.0, 38.0)	(17.0, 87.0)	(18.0, 179.0)	(19.0, 335.0)	(20.0, 580.0)	(21.0, 812.0)	(22.0, 1080.0)	(23.0, 1350.0)	(24.0, 1859.0)	(25.0, 2550.0)	(26.0, 3227.0)	(27.0, 4260.0)	(28.0, 5543.0)	(29.0, 7331.0)	(30.0, 9319.0)	(31.0, 12156.0)	(32.0, 16183.0)	(33.0, 22011.0)	(34.0, 31678.0)	(35.0, 53518.0)	(36.0, 119991.0)	(37.0, 124286.0)											
SRR33022256_2	(12.0, 37.0)	(13.0, 252.0)	(14.0, 531.0)	(15.0, 568.0)	(16.0, 577.0)	(17.0, 765.0)	(18.0, 1160.0)	(19.0, 1606.0)	(20.0, 2274.0)	(21.0, 3134.0)	(22.0, 4397.0)	(23.0, 5747.0)	(24.0, 7456.0)	(25.0, 9634.0)	(26.0, 12231.0)	(27.0, 15594.0)	(28.0, 19674.0)	(29.0, 25235.0)	(30.0, 31933.0)	(31.0, 40287.0)	(32.0, 51240.0)	(33.0, 61289.0)	(34.0, 66554.0)	(35.0, 47067.0)	(36.0, 9096.0)	(37.0, 50.0)										
SRR33022257_1	(13.0, 1.0)	(14.0, 0.0)	(15.0, 10.0)	(16.0, 32.0)	(17.0, 94.0)	(18.0, 247.0)	(19.0, 472.0)	(20.0, 771.0)	(21.0, 996.0)	(22.0, 1366.0)	(23.0, 1682.0)	(24.0, 2278.0)	(25.0, 2899.0)	(26.0, 3852.0)	(27.0, 5265.0)	(28.0, 6616.0)	(29.0, 8577.0)	(30.0, 11083.0)	(31.0, 14557.0)	(32.0, 18857.0)	(33.0, 25651.0)	(34.0, 37594.0)	(35.0, 63655.0)	(36.0, 142572.0)	(37.0, 145995.0)											
SRR33022257_2	(11.0, 3.0)	(12.0, 59.0)	(13.0, 335.0)	(14.0, 865.0)	(15.0, 714.0)	(16.0, 723.0)	(17.0, 1048.0)	(18.0, 1606.0)	(19.0, 2207.0)	(20.0, 3077.0)	(21.0, 4318.0)	(22.0, 5945.0)	(23.0, 7423.0)	(24.0, 9783.0)	(25.0, 12530.0)	(26.0, 15743.0)	(27.0, 19859.0)	(28.0, 24939.0)	(29.0, 32025.0)	(30.0, 40171.0)	(31.0, 51346.0)	(32.0, 62648.0)	(33.0, 73550.0)	(34.0, 72745.0)	(35.0, 44230.0)	(36.0, 7204.0)	(37.0, 26.0)									
SRR33022258_1	(13.0, 3.0)	(14.0, 53.0)	(15.0, 266.0)	(16.0, 393.0)	(17.0, 373.0)	(18.0, 495.0)	(19.0, 820.0)	(20.0, 1117.0)	(21.0, 1203.0)	(22.0, 1506.0)	(23.0, 1867.0)	(24.0, 2505.0)	(25.0, 3211.0)	(26.0, 4355.0)	(27.0, 5721.0)	(28.0, 7326.0)	(29.0, 9524.0)	(30.0, 12268.0)	(31.0, 15915.0)	(32.0, 21031.0)	(33.0, 28587.0)	(34.0, 41930.0)	(35.0, 70922.0)	(36.0, 158366.0)	(37.0, 166460.0)											
SRR33022258_2	(11.0, 2.0)	(12.0, 52.0)	(13.0, 502.0)	(14.0, 1153.0)	(15.0, 906.0)	(16.0, 744.0)	(17.0, 777.0)	(18.0, 1053.0)	(19.0, 1551.0)	(20.0, 2273.0)	(21.0, 3298.0)	(22.0, 4647.0)	(23.0, 6294.0)	(24.0, 7851.0)	(25.0, 10631.0)	(26.0, 13660.0)	(27.0, 17598.0)	(28.0, 22850.0)	(29.0, 29787.0)	(30.0, 37942.0)	(31.0, 49644.0)	(32.0, 64797.0)	(33.0, 82209.0)	(34.0, 96498.0)	(35.0, 79435.0)	(36.0, 19922.0)	(37.0, 141.0)									
SRR33022259_1	(13.0, 2.0)	(14.0, 14.0)	(15.0, 188.0)	(16.0, 565.0)	(17.0, 634.0)	(18.0, 545.0)	(19.0, 599.0)	(20.0, 726.0)	(21.0, 944.0)	(22.0, 1286.0)	(23.0, 1686.0)	(24.0, 2194.0)	(25.0, 2849.0)	(26.0, 3788.0)	(27.0, 4978.0)	(28.0, 6415.0)	(29.0, 8155.0)	(30.0, 10557.0)	(31.0, 13939.0)	(32.0, 18178.0)	(33.0, 24355.0)	(34.0, 35151.0)	(35.0, 59573.0)	(36.0, 131465.0)	(37.0, 135986.0)											
SRR33022259_2	(12.0, 23.0)	(13.0, 89.0)	(14.0, 222.0)	(15.0, 342.0)	(16.0, 477.0)	(17.0, 751.0)	(18.0, 1181.0)	(19.0, 1770.0)	(20.0, 2572.0)	(21.0, 3669.0)	(22.0, 4927.0)	(23.0, 6469.0)	(24.0, 8467.0)	(25.0, 10828.0)	(26.0, 13870.0)	(27.0, 17357.0)	(28.0, 22279.0)	(29.0, 28474.0)	(30.0, 36013.0)	(31.0, 45667.0)	(32.0, 57509.0)	(33.0, 69900.0)	(34.0, 73339.0)	(35.0, 49376.0)	(36.0, 9160.0)	(37.0, 41.0)										
SRR33022260_1	(13.0, 1.0)	(14.0, 1.0)	(15.0, 8.0)	(16.0, 20.0)	(17.0, 51.0)	(18.0, 77.0)	(19.0, 219.0)	(20.0, 406.0)	(21.0, 648.0)	(22.0, 892.0)	(23.0, 1064.0)	(24.0, 1452.0)	(25.0, 2048.0)	(26.0, 2738.0)	(27.0, 3626.0)	(28.0, 4730.0)	(29.0, 6064.0)	(30.0, 7885.0)	(31.0, 10112.0)	(32.0, 13240.0)	(33.0, 18202.0)	(34.0, 26407.0)	(35.0, 45065.0)	(36.0, 99381.0)	(37.0, 96116.0)											
SRR33022260_2	(11.0, 2.0)	(12.0, 26.0)	(13.0, 119.0)	(14.0, 364.0)	(15.0, 430.0)	(16.0, 432.0)	(17.0, 545.0)	(18.0, 822.0)	(19.0, 1278.0)	(20.0, 1796.0)	(21.0, 2512.0)	(22.0, 3335.0)	(23.0, 4514.0)	(24.0, 6068.0)	(25.0, 7691.0)	(26.0, 9833.0)	(27.0, 12448.0)	(28.0, 16071.0)	(29.0, 20304.0)	(30.0, 25976.0)	(31.0, 32851.0)	(32.0, 41504.0)	(33.0, 51182.0)	(34.0, 55295.0)	(35.0, 38082.0)	(36.0, 6950.0)	(37.0, 23.0)									
SRR33022261_1	(13.0, 1.0)	(14.0, 1.0)	(15.0, 12.0)	(16.0, 87.0)	(17.0, 242.0)	(18.0, 365.0)	(19.0, 535.0)	(20.0, 658.0)	(21.0, 776.0)	(22.0, 971.0)	(23.0, 1257.0)	(24.0, 1568.0)	(25.0, 2184.0)	(26.0, 2882.0)	(27.0, 3856.0)	(28.0, 4877.0)	(29.0, 6417.0)	(30.0, 8155.0)	(31.0, 10584.0)	(32.0, 13972.0)	(33.0, 18971.0)	(34.0, 27778.0)	(35.0, 47236.0)	(36.0, 102479.0)	(37.0, 97743.0)											
SRR33022261_2	(11.0, 2.0)	(12.0, 52.0)	(13.0, 503.0)	(14.0, 857.0)	(15.0, 561.0)	(16.0, 457.0)	(17.0, 637.0)	(18.0, 870.0)	(19.0, 1247.0)	(20.0, 1833.0)	(21.0, 2549.0)	(22.0, 3451.0)	(23.0, 4755.0)	(24.0, 6215.0)	(25.0, 7751.0)	(26.0, 9983.0)	(27.0, 12776.0)	(28.0, 16383.0)	(29.0, 20914.0)	(30.0, 26768.0)	(31.0, 34585.0)	(32.0, 43685.0)	(33.0, 52920.0)	(34.0, 57218.0)	(35.0, 39108.0)	(36.0, 7498.0)	(37.0, 29.0)									
SRR33022262_1	(14.0, 8.0)	(15.0, 79.0)	(16.0, 186.0)	(17.0, 239.0)	(18.0, 350.0)	(19.0, 603.0)	(20.0, 1102.0)	(21.0, 1772.0)	(22.0, 2553.0)	(23.0, 3495.0)	(24.0, 4759.0)	(25.0, 6545.0)	(26.0, 8559.0)	(27.0, 11018.0)	(28.0, 13788.0)	(29.0, 17770.0)	(30.0, 22224.0)	(31.0, 28722.0)	(32.0, 37740.0)	(33.0, 52194.0)	(34.0, 77390.0)	(35.0, 128518.0)	(36.0, 195380.0)	(37.0, 56876.0)												
SRR33022262_2	(11.0, 17.0)	(12.0, 60.0)	(13.0, 194.0)	(14.0, 689.0)	(15.0, 1067.0)	(16.0, 1637.0)	(17.0, 2792.0)	(18.0, 4265.0)	(19.0, 5838.0)	(20.0, 7940.0)	(21.0, 11223.0)	(22.0, 14976.0)	(23.0, 19473.0)	(24.0, 24301.0)	(25.0, 29765.0)	(26.0, 35671.0)	(27.0, 42533.0)	(28.0, 50680.0)	(29.0, 59809.0)	(30.0, 69191.0)	(31.0, 77687.0)	(32.0, 81239.0)	(33.0, 72337.0)	(34.0, 45034.0)	(35.0, 12683.0)	(36.0, 765.0)	(37.0, 4.0)									
SRR33022263_1	(14.0, 4.0)	(15.0, 20.0)	(16.0, 80.0)	(17.0, 280.0)	(18.0, 653.0)	(19.0, 1120.0)	(20.0, 1709.0)	(21.0, 2325.0)	(22.0, 2879.0)	(23.0, 3749.0)	(24.0, 5086.0)	(25.0, 6541.0)	(26.0, 8926.0)	(27.0, 11352.0)	(28.0, 14567.0)	(29.0, 18739.0)	(30.0, 23958.0)	(31.0, 30852.0)	(32.0, 41008.0)	(33.0, 56234.0)	(34.0, 83826.0)	(35.0, 140425.0)	(36.0, 226830.0)	(37.0, 80345.0)												
SRR33022263_2	(10.0, 1.0)	(11.0, 12.0)	(12.0, 117.0)	(13.0, 778.0)	(14.0, 1609.0)	(15.0, 1357.0)	(16.0, 1615.0)	(17.0, 2436.0)	(18.0, 3627.0)	(19.0, 5279.0)	(20.0, 7333.0)	(21.0, 10168.0)	(22.0, 13621.0)	(23.0, 17732.0)	(24.0, 22811.0)	(25.0, 28016.0)	(26.0, 35019.0)	(27.0, 42329.0)	(28.0, 52259.0)	(29.0, 62998.0)	(30.0, 75457.0)	(31.0, 87466.0)	(32.0, 97646.0)	(33.0, 97556.0)	(34.0, 69201.0)	(35.0, 23345.0)	(36.0, 1717.0)	(37.0, 3.0)								
SRR33075535_1	(13.0, 10.0)	(14.0, 25.0)	(15.0, 188.0)	(16.0, 749.0)	(17.0, 1648.0)	(18.0, 2279.0)	(19.0, 2445.0)	(20.0, 2210.0)	(21.0, 2162.0)	(22.0, 2731.0)	(23.0, 3637.0)	(24.0, 5508.0)	(25.0, 7870.0)	(26.0, 11495.0)	(27.0, 16691.0)	(28.0, 24043.0)	(29.0, 31093.0)	(30.0, 40315.0)	(31.0, 52374.0)	(32.0, 69538.0)	(33.0, 93518.0)	(34.0, 134060.0)	(35.0, 219099.0)	(36.0, 474428.0)	(37.0, 449142.0)											
SRR33075535_2	(11.0, 1.0)	(12.0, 58.0)	(13.0, 340.0)	(14.0, 2411.0)	(15.0, 4233.0)	(16.0, 3554.0)	(17.0, 3667.0)	(18.0, 4412.0)	(19.0, 5893.0)	(20.0, 8179.0)	(21.0, 11830.0)	(22.0, 17381.0)	(23.0, 26647.0)	(24.0, 35682.0)	(25.0, 44831.0)	(26.0, 56477.0)	(27.0, 70594.0)	(28.0, 87584.0)	(29.0, 108110.0)	(30.0, 133095.0)	(31.0, 167268.0)	(32.0, 216599.0)	(33.0, 261634.0)	(34.0, 238030.0)	(35.0, 118065.0)	(36.0, 20271.0)	(37.0, 412.0)									
SRR33075536_1	(12.0, 2.0)	(13.0, 5.0)	(14.0, 39.0)	(15.0, 257.0)	(16.0, 900.0)	(17.0, 1523.0)	(18.0, 1929.0)	(19.0, 1881.0)	(20.0, 1877.0)	(21.0, 1991.0)	(22.0, 2701.0)	(23.0, 3916.0)	(24.0, 5707.0)	(25.0, 8530.0)	(26.0, 12631.0)	(27.0, 18389.0)	(28.0, 25774.0)	(29.0, 32944.0)	(30.0, 41960.0)	(31.0, 53628.0)	(32.0, 69168.0)	(33.0, 91561.0)	(34.0, 129447.0)	(35.0, 209032.0)	(36.0, 398296.0)	(37.0, 259319.0)										
SRR33075536_2	(11.0, 2.0)	(12.0, 48.0)	(13.0, 353.0)	(14.0, 2473.0)	(15.0, 3340.0)	(16.0, 2929.0)	(17.0, 3262.0)	(18.0, 4315.0)	(19.0, 5922.0)	(20.0, 8606.0)	(21.0, 12284.0)	(22.0, 18593.0)	(23.0, 27986.0)	(24.0, 36484.0)	(25.0, 45661.0)	(26.0, 56937.0)	(27.0, 69631.0)	(28.0, 84275.0)	(29.0, 102133.0)	(30.0, 123647.0)	(31.0, 151786.0)	(32.0, 185916.0)	(33.0, 200307.0)	(34.0, 152215.0)	(35.0, 63197.0)	(36.0, 10861.0)	(37.0, 244.0)									
SRR33075537_1	(14.0, 20.0)	(15.0, 212.0)	(16.0, 798.0)	(17.0, 1478.0)	(18.0, 1996.0)	(19.0, 2109.0)	(20.0, 1839.0)	(21.0, 1808.0)	(22.0, 2117.0)	(23.0, 3125.0)	(24.0, 4587.0)	(25.0, 6687.0)	(26.0, 9929.0)	(27.0, 14740.0)	(28.0, 21400.0)	(29.0, 27795.0)	(30.0, 35475.0)	(31.0, 46904.0)	(32.0, 61659.0)	(33.0, 83428.0)	(34.0, 118964.0)	(35.0, 195968.0)	(36.0, 423198.0)	(37.0, 400315.0)												
SRR33075537_2	(11.0, 1.0)	(12.0, 50.0)	(13.0, 332.0)	(14.0, 2468.0)	(15.0, 3722.0)	(16.0, 2991.0)	(17.0, 3431.0)	(18.0, 4345.0)	(19.0, 5728.0)	(20.0, 7909.0)	(21.0, 11077.0)	(22.0, 16786.0)	(23.0, 25876.0)	(24.0, 34217.0)	(25.0, 43073.0)	(26.0, 53500.0)	(27.0, 66719.0)	(28.0, 83236.0)	(29.0, 101684.0)	(30.0, 125497.0)	(31.0, 156579.0)	(32.0, 199422.0)	(33.0, 228883.0)	(34.0, 190824.0)	(35.0, 84623.0)	(36.0, 13332.0)	(37.0, 246.0)									
SRR33075538_1	(13.0, 9.0)	(14.0, 18.0)	(15.0, 128.0)	(16.0, 526.0)	(17.0, 1213.0)	(18.0, 1909.0)	(19.0, 2105.0)	(20.0, 1891.0)	(21.0, 1868.0)	(22.0, 2353.0)	(23.0, 3316.0)	(24.0, 4842.0)	(25.0, 7259.0)	(26.0, 10317.0)	(27.0, 15392.0)	(28.0, 22067.0)	(29.0, 28789.0)	(30.0, 37291.0)	(31.0, 48779.0)	(32.0, 63798.0)	(33.0, 86796.0)	(34.0, 122863.0)	(35.0, 202537.0)	(36.0, 436464.0)	(37.0, 395920.0)											
SRR33075538_2	(12.0, 38.0)	(13.0, 257.0)	(14.0, 1749.0)	(15.0, 3310.0)	(16.0, 3128.0)	(17.0, 3230.0)	(18.0, 4144.0)	(19.0, 5397.0)	(20.0, 7946.0)	(21.0, 11125.0)	(22.0, 16751.0)	(23.0, 25271.0)	(24.0, 33674.0)	(25.0, 42542.0)	(26.0, 52596.0)	(27.0, 65133.0)	(28.0, 79788.0)	(29.0, 98606.0)	(30.0, 121447.0)	(31.0, 151642.0)	(32.0, 194675.0)	(33.0, 234777.0)	(34.0, 213846.0)	(35.0, 107698.0)	(36.0, 19318.0)	(37.0, 362.0)										
SRR33075539_1	(13.0, 1.0)	(14.0, 3.0)	(15.0, 24.0)	(16.0, 36.0)	(17.0, 123.0)	(18.0, 487.0)	(19.0, 1449.0)	(20.0, 2655.0)	(21.0, 4022.0)	(22.0, 9278.0)	(23.0, 16385.0)	(24.0, 12552.0)	(25.0, 12208.0)	(26.0, 16558.0)	(27.0, 24561.0)	(28.0, 32993.0)	(29.0, 45300.0)	(30.0, 59087.0)	(31.0, 74726.0)	(32.0, 96805.0)	(33.0, 126860.0)	(34.0, 174105.0)	(35.0, 267045.0)	(36.0, 539393.0)	(37.0, 602229.0)											
SRR33075539_2	(6.0, 1.0)	(7.0, 4.0)	(8.0, 21.0)	(9.0, 17.0)	(10.0, 28.0)	(11.0, 40.0)	(12.0, 117.0)	(13.0, 193.0)	(14.0, 240.0)	(15.0, 461.0)	(16.0, 1297.0)	(17.0, 2729.0)	(18.0, 4168.0)	(19.0, 6506.0)	(20.0, 10365.0)	(21.0, 22272.0)	(22.0, 35138.0)	(23.0, 41272.0)	(24.0, 53277.0)	(25.0, 60246.0)	(26.0, 69614.0)	(27.0, 82099.0)	(28.0, 98014.0)	(29.0, 116915.0)	(30.0, 140333.0)	(31.0, 171378.0)	(32.0, 216206.0)	(33.0, 278135.0)	(34.0, 334263.0)	(35.0, 278359.0)	(36.0, 91739.0)	(37.0, 3438.0)				
SRR33075540_1	(13.0, 1.0)	(14.0, 6.0)	(15.0, 29.0)	(16.0, 45.0)	(17.0, 99.0)	(18.0, 368.0)	(19.0, 1116.0)	(20.0, 2055.0)	(21.0, 2951.0)	(22.0, 6603.0)	(23.0, 11159.0)	(24.0, 8758.0)	(25.0, 8966.0)	(26.0, 12021.0)	(27.0, 18174.0)	(28.0, 24163.0)	(29.0, 32322.0)	(30.0, 41671.0)	(31.0, 53219.0)	(32.0, 67893.0)	(33.0, 89389.0)	(34.0, 122194.0)	(35.0, 188437.0)	(36.0, 380716.0)	(37.0, 434020.0)											
SRR33075540_2	(7.0, 5.0)	(8.0, 10.0)	(9.0, 23.0)	(10.0, 31.0)	(11.0, 29.0)	(12.0, 59.0)	(13.0, 151.0)	(14.0, 226.0)	(15.0, 375.0)	(16.0, 1008.0)	(17.0, 1943.0)	(18.0, 2986.0)	(19.0, 4683.0)	(20.0, 7274.0)	(21.0, 15238.0)	(22.0, 25148.0)	(23.0, 30401.0)	(24.0, 38884.0)	(25.0, 43787.0)	(26.0, 50707.0)	(27.0, 59427.0)	(28.0, 70478.0)	(29.0, 83923.0)	(30.0, 101166.0)	(31.0, 123380.0)	(32.0, 154960.0)	(33.0, 199874.0)	(34.0, 237506.0)	(35.0, 192425.0)	(36.0, 58525.0)	(37.0, 1743.0)					
SRR33075541_1	(11.0, 1.0)	(12.0, 5.0)	(13.0, 8.0)	(14.0, 70.0)	(15.0, 129.0)	(16.0, 262.0)	(17.0, 301.0)	(18.0, 394.0)	(19.0, 452.0)	(20.0, 542.0)	(21.0, 571.0)	(22.0, 741.0)	(23.0, 928.0)	(24.0, 1155.0)	(25.0, 1499.0)	(26.0, 2215.0)	(27.0, 3068.0)	(28.0, 4151.0)	(29.0, 5756.0)	(30.0, 7587.0)	(31.0, 10514.0)	(32.0, 14268.0)	(33.0, 19653.0)	(34.0, 28639.0)	(35.0, 46812.0)	(36.0, 104516.0)	(37.0, 139127.0)									
SRR33075541_2	(10.0, 2.0)	(11.0, 17.0)	(12.0, 140.0)	(13.0, 595.0)	(14.0, 943.0)	(15.0, 696.0)	(16.0, 549.0)	(17.0, 657.0)	(18.0, 990.0)	(19.0, 1534.0)	(20.0, 2172.0)	(21.0, 3133.0)	(22.0, 4031.0)	(23.0, 4965.0)	(24.0, 6232.0)	(25.0, 7821.0)	(26.0, 10299.0)	(27.0, 13191.0)	(28.0, 16403.0)	(29.0, 21063.0)	(30.0, 26459.0)	(31.0, 33722.0)	(32.0, 46159.0)	(33.0, 64500.0)	(34.0, 74510.0)	(35.0, 45034.0)	(36.0, 7405.0)	(37.0, 142.0)								
SRR33075542_1	(12.0, 1.0)	(13.0, 3.0)	(14.0, 7.0)	(15.0, 42.0)	(16.0, 202.0)	(17.0, 439.0)	(18.0, 566.0)	(19.0, 735.0)	(20.0, 767.0)	(21.0, 918.0)	(22.0, 1156.0)	(23.0, 1457.0)	(24.0, 1527.0)	(25.0, 1980.0)	(26.0, 2735.0)	(27.0, 3746.0)	(28.0, 5026.0)	(29.0, 6935.0)	(30.0, 9275.0)	(31.0, 12694.0)	(32.0, 16954.0)	(33.0, 23385.0)	(34.0, 33655.0)	(35.0, 55211.0)	(36.0, 121714.0)	(37.0, 155338.0)										
SRR33075542_2	(11.0, 6.0)	(12.0, 76.0)	(13.0, 858.0)	(14.0, 1251.0)	(15.0, 826.0)	(16.0, 740.0)	(17.0, 956.0)	(18.0, 1394.0)	(19.0, 2128.0)	(20.0, 3210.0)	(21.0, 4522.0)	(22.0, 5463.0)	(23.0, 6383.0)	(24.0, 8280.0)	(25.0, 10534.0)	(26.0, 13105.0)	(27.0, 16611.0)	(28.0, 20753.0)	(29.0, 25909.0)	(30.0, 32414.0)	(31.0, 41680.0)	(32.0, 57005.0)	(33.0, 76484.0)	(34.0, 79505.0)	(35.0, 40378.0)	(36.0, 5888.0)	(37.0, 109.0)									
SRR33075543_1	(14.0, 3.0)	(15.0, 14.0)	(16.0, 124.0)	(17.0, 308.0)	(18.0, 495.0)	(19.0, 571.0)	(20.0, 581.0)	(21.0, 656.0)	(22.0, 722.0)	(23.0, 1027.0)	(24.0, 1318.0)	(25.0, 1823.0)	(26.0, 2618.0)	(27.0, 3700.0)	(28.0, 4938.0)	(29.0, 6904.0)	(30.0, 9499.0)	(31.0, 12284.0)	(32.0, 16620.0)	(33.0, 23282.0)	(34.0, 33337.0)	(35.0, 54947.0)	(36.0, 121041.0)	(37.0, 149980.0)												
SRR33075543_2	(11.0, 3.0)	(12.0, 34.0)	(13.0, 635.0)	(14.0, 1016.0)	(15.0, 740.0)	(16.0, 679.0)	(17.0, 914.0)	(18.0, 1249.0)	(19.0, 1942.0)	(20.0, 2778.0)	(21.0, 3915.0)	(22.0, 5035.0)	(23.0, 6174.0)	(24.0, 7914.0)	(25.0, 10068.0)	(26.0, 12685.0)	(27.0, 16020.0)	(28.0, 19973.0)	(29.0, 25159.0)	(30.0, 31280.0)	(31.0, 40868.0)	(32.0, 54848.0)	(33.0, 74412.0)	(34.0, 79233.0)	(35.0, 42947.0)	(36.0, 6179.0)	(37.0, 92.0)									
SRR33075544_1	(13.0, 1.0)	(14.0, 3.0)	(15.0, 7.0)	(16.0, 85.0)	(17.0, 201.0)	(18.0, 314.0)	(19.0, 406.0)	(20.0, 542.0)	(21.0, 706.0)	(22.0, 1016.0)	(23.0, 1291.0)	(24.0, 1351.0)	(25.0, 1691.0)	(26.0, 2264.0)	(27.0, 3304.0)	(28.0, 4436.0)	(29.0, 6177.0)	(30.0, 8237.0)	(31.0, 10665.0)	(32.0, 14588.0)	(33.0, 20447.0)	(34.0, 29408.0)	(35.0, 48780.0)	(36.0, 107916.0)	(37.0, 133779.0)											
SRR33075544_2	(11.0, 4.0)	(12.0, 25.0)	(13.0, 395.0)	(14.0, 642.0)	(15.0, 558.0)	(16.0, 515.0)	(17.0, 701.0)	(18.0, 1020.0)	(19.0, 1559.0)	(20.0, 2444.0)	(21.0, 3580.0)	(22.0, 4156.0)	(23.0, 4998.0)	(24.0, 6662.0)	(25.0, 8318.0)	(26.0, 10418.0)	(27.0, 13229.0)	(28.0, 16770.0)	(29.0, 21493.0)	(30.0, 27007.0)	(31.0, 34683.0)	(32.0, 47688.0)	(33.0, 66161.0)	(34.0, 73976.0)	(35.0, 43707.0)	(36.0, 6817.0)	(37.0, 89.0)									
SRR33075545_1	(12.0, 4.0)	(13.0, 22.0)	(14.0, 58.0)	(15.0, 132.0)	(16.0, 243.0)	(17.0, 349.0)	(18.0, 494.0)	(19.0, 471.0)	(20.0, 601.0)	(21.0, 721.0)	(22.0, 938.0)	(23.0, 1238.0)	(24.0, 1413.0)	(25.0, 1938.0)	(26.0, 2615.0)	(27.0, 3908.0)	(28.0, 5288.0)	(29.0, 7246.0)	(30.0, 9595.0)	(31.0, 13118.0)	(32.0, 17812.0)	(33.0, 24093.0)	(34.0, 35020.0)	(35.0, 58107.0)	(36.0, 128737.0)	(37.0, 164142.0)										
SRR33075545_2	(11.0, 6.0)	(12.0, 129.0)	(13.0, 687.0)	(14.0, 986.0)	(15.0, 749.0)	(16.0, 650.0)	(17.0, 823.0)	(18.0, 1263.0)	(19.0, 1909.0)	(20.0, 2706.0)	(21.0, 3960.0)	(22.0, 5137.0)	(23.0, 6229.0)	(24.0, 8051.0)	(25.0, 10339.0)	(26.0, 12949.0)	(27.0, 16437.0)	(28.0, 20573.0)	(29.0, 26232.0)	(30.0, 32720.0)	(31.0, 42099.0)	(32.0, 57702.0)	(33.0, 80031.0)	(34.0, 86571.0)	(35.0, 49291.0)	(36.0, 9736.0)	(37.0, 338.0)									
SRR33075546_1	(13.0, 3.0)	(14.0, 6.0)	(15.0, 39.0)	(16.0, 163.0)	(17.0, 371.0)	(18.0, 562.0)	(19.0, 567.0)	(20.0, 653.0)	(21.0, 843.0)	(22.0, 1086.0)	(23.0, 1407.0)	(24.0, 1470.0)	(25.0, 1837.0)	(26.0, 2363.0)	(27.0, 3457.0)	(28.0, 4750.0)	(29.0, 6415.0)	(30.0, 8594.0)	(31.0, 11450.0)	(32.0, 15579.0)	(33.0, 21034.0)	(34.0, 30659.0)	(35.0, 50029.0)	(36.0, 109837.0)	(37.0, 134793.0)											
SRR33075546_2	(11.0, 4.0)	(12.0, 49.0)	(13.0, 740.0)	(14.0, 1088.0)	(15.0, 730.0)	(16.0, 599.0)	(17.0, 821.0)	(18.0, 1163.0)	(19.0, 1928.0)	(20.0, 2723.0)	(21.0, 3904.0)	(22.0, 4691.0)	(23.0, 5474.0)	(24.0, 7248.0)	(25.0, 8984.0)	(26.0, 11599.0)	(27.0, 14216.0)	(28.0, 18227.0)	(29.0, 22684.0)	(30.0, 28663.0)	(31.0, 36527.0)	(32.0, 49501.0)	(33.0, 67877.0)	(34.0, 72534.0)	(35.0, 39518.0)	(36.0, 6335.0)	(37.0, 140.0)									
SRR33075547_1	(13.0, 1.0)	(14.0, 1.0)	(15.0, 14.0)	(16.0, 28.0)	(17.0, 122.0)	(18.0, 589.0)	(19.0, 1796.0)	(20.0, 2839.0)	(21.0, 3301.0)	(22.0, 5282.0)	(23.0, 8211.0)	(24.0, 8000.0)	(25.0, 9736.0)	(26.0, 14409.0)	(27.0, 21842.0)	(28.0, 28412.0)	(29.0, 38257.0)	(30.0, 49075.0)	(31.0, 62515.0)	(32.0, 81095.0)	(33.0, 106059.0)	(34.0, 145790.0)	(35.0, 225551.0)	(36.0, 454511.0)	(37.0, 509451.0)											
SRR33075547_2	(7.0, 7.0)	(8.0, 15.0)	(9.0, 27.0)	(10.0, 43.0)	(11.0, 42.0)	(12.0, 82.0)	(13.0, 199.0)	(14.0, 260.0)	(15.0, 419.0)	(16.0, 1022.0)	(17.0, 2101.0)	(18.0, 3213.0)	(19.0, 4569.0)	(20.0, 7408.0)	(21.0, 12818.0)	(22.0, 21722.0)	(23.0, 32635.0)	(24.0, 43307.0)	(25.0, 49198.0)	(26.0, 57051.0)	(27.0, 67697.0)	(28.0, 81283.0)	(29.0, 96898.0)	(30.0, 117172.0)	(31.0, 143185.0)	(32.0, 181213.0)	(33.0, 234892.0)	(34.0, 287530.0)	(35.0, 246879.0)	(36.0, 81329.0)	(37.0, 2671.0)					
SRR33075548_1	(12.0, 7.0)	(13.0, 16.0)	(14.0, 46.0)	(15.0, 83.0)	(16.0, 90.0)	(17.0, 118.0)	(18.0, 188.0)	(19.0, 580.0)	(20.0, 3911.0)	(21.0, 8183.0)	(22.0, 10006.0)	(23.0, 16346.0)	(24.0, 15484.0)	(25.0, 8631.0)	(26.0, 5029.0)	(27.0, 4744.0)	(28.0, 5875.0)	(29.0, 7700.0)	(30.0, 10231.0)	(31.0, 13775.0)	(32.0, 18803.0)	(33.0, 25710.0)	(34.0, 38488.0)	(35.0, 64130.0)	(36.0, 145723.0)	(37.0, 154327.0)										
SRR33075548_2	(7.0, 1.0)	(8.0, 9.0)	(9.0, 7.0)	(10.0, 9.0)	(11.0, 16.0)	(12.0, 54.0)	(13.0, 101.0)	(14.0, 149.0)	(15.0, 212.0)	(16.0, 322.0)	(17.0, 582.0)	(18.0, 1396.0)	(19.0, 6893.0)	(20.0, 12001.0)	(21.0, 14357.0)	(22.0, 25176.0)	(23.0, 12609.0)	(24.0, 7584.0)	(25.0, 8157.0)	(26.0, 10227.0)	(27.0, 13104.0)	(28.0, 16871.0)	(29.0, 21786.0)	(30.0, 27590.0)	(31.0, 35577.0)	(32.0, 47495.0)	(33.0, 66967.0)	(34.0, 94792.0)	(35.0, 98232.0)	(36.0, 34890.0)	(37.0, 1058.0)					
SRR33075549_1	(14.0, 2.0)	(15.0, 16.0)	(16.0, 36.0)	(17.0, 98.0)	(18.0, 231.0)	(19.0, 732.0)	(20.0, 5222.0)	(21.0, 11188.0)	(22.0, 14386.0)	(23.0, 23713.0)	(24.0, 22980.0)	(25.0, 12109.0)	(26.0, 6322.0)	(27.0, 5101.0)	(28.0, 5864.0)	(29.0, 7303.0)	(30.0, 10028.0)	(31.0, 13152.0)	(32.0, 17823.0)	(33.0, 25187.0)	(34.0, 36332.0)	(35.0, 60900.0)	(36.0, 135834.0)	(37.0, 144665.0)												
SRR33075549_2	(7.0, 3.0)	(8.0, 5.0)	(9.0, 12.0)	(10.0, 9.0)	(11.0, 10.0)	(12.0, 50.0)	(13.0, 101.0)	(14.0, 122.0)	(15.0, 186.0)	(16.0, 366.0)	(17.0, 762.0)	(18.0, 2123.0)	(19.0, 10170.0)	(20.0, 16858.0)	(21.0, 21406.0)	(22.0, 36079.0)	(23.0, 16268.0)	(24.0, 8729.0)	(25.0, 8664.0)	(26.0, 10792.0)	(27.0, 13768.0)	(28.0, 17704.0)	(29.0, 22551.0)	(30.0, 28339.0)	(31.0, 35824.0)	(32.0, 47434.0)	(33.0, 66516.0)	(34.0, 89790.0)	(35.0, 80533.0)	(36.0, 23280.0)	(37.0, 770.0)					
SRR33075550_1	(14.0, 2.0)	(15.0, 9.0)	(16.0, 18.0)	(17.0, 42.0)	(18.0, 117.0)	(19.0, 340.0)	(20.0, 2380.0)	(21.0, 4740.0)	(22.0, 5636.0)	(23.0, 9084.0)	(24.0, 8433.0)	(25.0, 5315.0)	(26.0, 3916.0)	(27.0, 4404.0)	(28.0, 5852.0)	(29.0, 7730.0)	(30.0, 10444.0)	(31.0, 14476.0)	(32.0, 19621.0)	(33.0, 27502.0)	(34.0, 40226.0)	(35.0, 67129.0)	(36.0, 149503.0)	(37.0, 151133.0)												
SRR33075550_2	(7.0, 3.0)	(8.0, 5.0)	(9.0, 6.0)	(10.0, 16.0)	(11.0, 17.0)	(12.0, 41.0)	(13.0, 73.0)	(14.0, 105.0)	(15.0, 154.0)	(16.0, 308.0)	(17.0, 670.0)	(18.0, 1440.0)	(19.0, 4971.0)	(20.0, 7761.0)	(21.0, 9354.0)	(22.0, 14830.0)	(23.0, 8805.0)	(24.0, 7460.0)	(25.0, 9087.0)	(26.0, 11490.0)	(27.0, 14833.0)	(28.0, 18956.0)	(29.0, 23981.0)	(30.0, 30622.0)	(31.0, 39271.0)	(32.0, 51176.0)	(33.0, 71618.0)	(34.0, 96449.0)	(35.0, 88525.0)	(36.0, 25501.0)	(37.0, 524.0)					
SRR33075551_1	(13.0, 1.0)	(14.0, 5.0)	(15.0, 22.0)	(16.0, 31.0)	(17.0, 59.0)	(18.0, 179.0)	(19.0, 587.0)	(20.0, 3719.0)	(21.0, 7801.0)	(22.0, 9963.0)	(23.0, 15809.0)	(24.0, 15096.0)	(25.0, 8453.0)	(26.0, 5005.0)	(27.0, 4732.0)	(28.0, 5906.0)	(29.0, 7662.0)	(30.0, 10414.0)	(31.0, 13958.0)	(32.0, 19049.0)	(33.0, 26268.0)	(34.0, 38142.0)	(35.0, 63394.0)	(36.0, 141587.0)	(37.0, 142228.0)											
SRR33075551_2	(8.0, 4.0)	(9.0, 8.0)	(10.0, 13.0)	(11.0, 12.0)	(12.0, 40.0)	(13.0, 66.0)	(14.0, 71.0)	(15.0, 135.0)	(16.0, 279.0)	(17.0, 645.0)	(18.0, 1487.0)	(19.0, 6900.0)	(20.0, 11889.0)	(21.0, 14366.0)	(22.0, 24333.0)	(23.0, 11483.0)	(24.0, 7435.0)	(25.0, 8121.0)	(26.0, 10182.0)	(27.0, 13255.0)	(28.0, 17114.0)	(29.0, 21872.0)	(30.0, 27875.0)	(31.0, 35544.0)	(32.0, 47104.0)	(33.0, 66087.0)	(34.0, 91850.0)	(35.0, 91219.0)	(36.0, 29961.0)	(37.0, 720.0)						
SRR33075552_1	(12.0, 2.0)	(13.0, 17.0)	(14.0, 39.0)	(15.0, 72.0)	(16.0, 83.0)	(17.0, 67.0)	(18.0, 127.0)	(19.0, 322.0)	(20.0, 1589.0)	(21.0, 3229.0)	(22.0, 4192.0)	(23.0, 7193.0)	(24.0, 6848.0)	(25.0, 4637.0)	(26.0, 3357.0)	(27.0, 3573.0)	(28.0, 4793.0)	(29.0, 6591.0)	(30.0, 8972.0)	(31.0, 11979.0)	(32.0, 16315.0)	(33.0, 22623.0)	(34.0, 32871.0)	(35.0, 54700.0)	(36.0, 124307.0)	(37.0, 132629.0)										
SRR33075552_2	(7.0, 4.0)	(8.0, 5.0)	(9.0, 7.0)	(10.0, 12.0)	(11.0, 13.0)	(12.0, 47.0)	(13.0, 95.0)	(14.0, 121.0)	(15.0, 152.0)	(16.0, 222.0)	(17.0, 418.0)	(18.0, 905.0)	(19.0, 3135.0)	(20.0, 5349.0)	(21.0, 7028.0)	(22.0, 11975.0)	(23.0, 7569.0)	(24.0, 6084.0)	(25.0, 7080.0)	(26.0, 9084.0)	(27.0, 11684.0)	(28.0, 14970.0)	(29.0, 19129.0)	(30.0, 24591.0)	(31.0, 31557.0)	(32.0, 41724.0)	(33.0, 58558.0)	(34.0, 81407.0)	(35.0, 79003.0)	(36.0, 27705.0)	(37.0, 1494.0)					
SRR33075553_1	(14.0, 5.0)	(15.0, 27.0)	(16.0, 51.0)	(17.0, 84.0)	(18.0, 298.0)	(19.0, 1115.0)	(20.0, 8412.0)	(21.0, 17189.0)	(22.0, 20979.0)	(23.0, 35790.0)	(24.0, 31902.0)	(25.0, 15996.0)	(26.0, 7302.0)	(27.0, 5218.0)	(28.0, 5483.0)	(29.0, 6920.0)	(30.0, 9283.0)	(31.0, 12159.0)	(32.0, 16585.0)	(33.0, 23163.0)	(34.0, 33867.0)	(35.0, 56122.0)	(36.0, 123966.0)	(37.0, 124403.0)												
SRR33075553_2	(7.0, 2.0)	(8.0, 7.0)	(9.0, 10.0)	(10.0, 11.0)	(11.0, 17.0)	(12.0, 61.0)	(13.0, 129.0)	(14.0, 136.0)	(15.0, 232.0)	(16.0, 447.0)	(17.0, 1042.0)	(18.0, 3118.0)	(19.0, 15157.0)	(20.0, 23965.0)	(21.0, 29390.0)	(22.0, 50554.0)	(23.0, 20478.0)	(24.0, 8563.0)	(25.0, 7669.0)	(26.0, 9487.0)	(27.0, 11956.0)	(28.0, 15701.0)	(29.0, 19609.0)	(30.0, 25074.0)	(31.0, 32113.0)	(32.0, 42668.0)	(33.0, 59217.0)	(34.0, 80794.0)	(35.0, 74911.0)	(36.0, 23073.0)	(37.0, 728.0)					
SRR33075554_1	(14.0, 2.0)	(15.0, 25.0)	(16.0, 145.0)	(17.0, 302.0)	(18.0, 443.0)	(19.0, 544.0)	(20.0, 534.0)	(21.0, 569.0)	(22.0, 572.0)	(23.0, 725.0)	(24.0, 927.0)	(25.0, 1284.0)	(26.0, 1874.0)	(27.0, 2756.0)	(28.0, 3922.0)	(29.0, 5534.0)	(30.0, 7546.0)	(31.0, 10041.0)	(32.0, 13590.0)	(33.0, 18771.0)	(34.0, 27188.0)	(35.0, 44312.0)	(36.0, 101865.0)	(37.0, 184346.0)												
SRR33075554_2	(12.0, 8.0)	(13.0, 125.0)	(14.0, 686.0)	(15.0, 747.0)	(16.0, 596.0)	(17.0, 608.0)	(18.0, 700.0)	(19.0, 1050.0)	(20.0, 1394.0)	(21.0, 1895.0)	(22.0, 2429.0)	(23.0, 3169.0)	(24.0, 4147.0)	(25.0, 5464.0)	(26.0, 7263.0)	(27.0, 9247.0)	(28.0, 12188.0)	(29.0, 15710.0)	(30.0, 20418.0)	(31.0, 26316.0)	(32.0, 35733.0)	(33.0, 51287.0)	(34.0, 76869.0)	(35.0, 99923.0)	(36.0, 48958.0)	(37.0, 887.0)										
SRR33075555_1	(13.0, 2.0)	(14.0, 4.0)	(15.0, 51.0)	(16.0, 146.0)	(17.0, 317.0)	(18.0, 526.0)	(19.0, 626.0)	(20.0, 626.0)	(21.0, 670.0)	(22.0, 691.0)	(23.0, 826.0)	(24.0, 1013.0)	(25.0, 1461.0)	(26.0, 2026.0)	(27.0, 3007.0)	(28.0, 4230.0)	(29.0, 5816.0)	(30.0, 8012.0)	(31.0, 11004.0)	(32.0, 14941.0)	(33.0, 20699.0)	(34.0, 29897.0)	(35.0, 48587.0)	(36.0, 112324.0)	(37.0, 202368.0)											
SRR33075555_2	(11.0, 2.0)	(12.0, 22.0)	(13.0, 166.0)	(14.0, 801.0)	(15.0, 902.0)	(16.0, 694.0)	(17.0, 706.0)	(18.0, 874.0)	(19.0, 1223.0)	(20.0, 1833.0)	(21.0, 2262.0)	(22.0, 2801.0)	(23.0, 3635.0)	(24.0, 4975.0)	(25.0, 6356.0)	(26.0, 8291.0)	(27.0, 10527.0)	(28.0, 13741.0)	(29.0, 17555.0)	(30.0, 22668.0)	(31.0, 30062.0)	(32.0, 40415.0)	(33.0, 57064.0)	(34.0, 85463.0)	(35.0, 106344.0)	(36.0, 49553.0)	(37.0, 935.0)									
SRR33075556_1	(14.0, 7.0)	(15.0, 77.0)	(16.0, 283.0)	(17.0, 493.0)	(18.0, 695.0)	(19.0, 719.0)	(20.0, 764.0)	(21.0, 797.0)	(22.0, 741.0)	(23.0, 863.0)	(24.0, 1120.0)	(25.0, 1548.0)	(26.0, 2293.0)	(27.0, 3270.0)	(28.0, 4620.0)	(29.0, 6499.0)	(30.0, 8953.0)	(31.0, 11951.0)	(32.0, 16159.0)	(33.0, 22662.0)	(34.0, 32664.0)	(35.0, 53533.0)	(36.0, 123911.0)	(37.0, 229397.0)												
SRR33075556_2	(11.0, 3.0)	(12.0, 7.0)	(13.0, 274.0)	(14.0, 1052.0)	(15.0, 1048.0)	(16.0, 879.0)	(17.0, 764.0)	(18.0, 832.0)	(19.0, 1243.0)	(20.0, 1636.0)	(21.0, 2216.0)	(22.0, 2758.0)	(23.0, 3604.0)	(24.0, 4988.0)	(25.0, 6562.0)	(26.0, 8382.0)	(27.0, 10885.0)	(28.0, 14061.0)	(29.0, 18345.0)	(30.0, 24085.0)	(31.0, 31609.0)	(32.0, 42679.0)	(33.0, 60658.0)	(34.0, 92100.0)	(35.0, 124689.0)	(36.0, 67216.0)	(37.0, 1444.0)									
SRR33075557_1	(12.0, 1.0)	(13.0, 3.0)	(14.0, 9.0)	(15.0, 18.0)	(16.0, 95.0)	(17.0, 261.0)	(18.0, 417.0)	(19.0, 674.0)	(20.0, 1035.0)	(21.0, 1471.0)	(22.0, 1273.0)	(23.0, 1226.0)	(24.0, 1320.0)	(25.0, 1801.0)	(26.0, 2543.0)	(27.0, 3654.0)	(28.0, 5194.0)	(29.0, 6957.0)	(30.0, 9762.0)	(31.0, 13080.0)	(32.0, 17609.0)	(33.0, 24002.0)	(34.0, 33729.0)	(35.0, 54897.0)	(36.0, 123720.0)	(37.0, 192522.0)										
SRR33075557_2	(11.0, 5.0)	(12.0, 28.0)	(13.0, 154.0)	(14.0, 673.0)	(15.0, 831.0)	(16.0, 813.0)	(17.0, 1001.0)	(18.0, 1407.0)	(19.0, 2411.0)	(20.0, 3123.0)	(21.0, 3410.0)	(22.0, 4134.0)	(23.0, 5314.0)	(24.0, 6766.0)	(25.0, 8597.0)	(26.0, 10976.0)	(27.0, 13536.0)	(28.0, 17192.0)	(29.0, 21692.0)	(30.0, 27035.0)	(31.0, 35172.0)	(32.0, 46873.0)	(33.0, 65322.0)	(34.0, 91846.0)	(35.0, 95788.0)	(36.0, 32775.0)	(37.0, 399.0)									
SRR33075558_1	(13.0, 7.0)	(14.0, 12.0)	(15.0, 32.0)	(16.0, 55.0)	(17.0, 148.0)	(18.0, 618.0)	(19.0, 2014.0)	(20.0, 3401.0)	(21.0, 5597.0)	(22.0, 17640.0)	(23.0, 32717.0)	(24.0, 19781.0)	(25.0, 14368.0)	(26.0, 15678.0)	(27.0, 21711.0)	(28.0, 26709.0)	(29.0, 35368.0)	(30.0, 44968.0)	(31.0, 56932.0)	(32.0, 72635.0)	(33.0, 94397.0)	(34.0, 129735.0)	(35.0, 201244.0)	(36.0, 380339.0)	(37.0, 313688.0)											
SRR33075558_2	(6.0, 1.0)	(7.0, 3.0)	(8.0, 18.0)	(9.0, 22.0)	(10.0, 24.0)	(11.0, 35.0)	(12.0, 64.0)	(13.0, 179.0)	(14.0, 219.0)	(15.0, 372.0)	(16.0, 1085.0)	(17.0, 2131.0)	(18.0, 3410.0)	(19.0, 5876.0)	(20.0, 11323.0)	(21.0, 33744.0)	(22.0, 50085.0)	(23.0, 35996.0)	(24.0, 40071.0)	(25.0, 44070.0)	(26.0, 50922.0)	(27.0, 60356.0)	(28.0, 71725.0)	(29.0, 85604.0)	(30.0, 102167.0)	(31.0, 125333.0)	(32.0, 155498.0)	(33.0, 194757.0)	(34.0, 213253.0)	(35.0, 155097.0)	(36.0, 44781.0)	(37.0, 1573.0)				
SRR33075559_1	(13.0, 3.0)	(14.0, 5.0)	(15.0, 102.0)	(16.0, 313.0)	(17.0, 493.0)	(18.0, 631.0)	(19.0, 635.0)	(20.0, 737.0)	(21.0, 876.0)	(22.0, 780.0)	(23.0, 953.0)	(24.0, 1052.0)	(25.0, 1564.0)	(26.0, 2179.0)	(27.0, 3082.0)	(28.0, 4440.0)	(29.0, 6013.0)	(30.0, 8048.0)	(31.0, 11003.0)	(32.0, 14881.0)	(33.0, 20720.0)	(34.0, 29938.0)	(35.0, 48718.0)	(36.0, 114682.0)	(37.0, 212301.0)											
SRR33075559_2	(11.0, 5.0)	(12.0, 24.0)	(13.0, 324.0)	(14.0, 1097.0)	(15.0, 980.0)	(16.0, 770.0)	(17.0, 696.0)	(18.0, 880.0)	(19.0, 1353.0)	(20.0, 1817.0)	(21.0, 2132.0)	(22.0, 2717.0)	(23.0, 3478.0)	(24.0, 4567.0)	(25.0, 5972.0)	(26.0, 7896.0)	(27.0, 10009.0)	(28.0, 12961.0)	(29.0, 16891.0)	(30.0, 22000.0)	(31.0, 29128.0)	(32.0, 39301.0)	(33.0, 56449.0)	(34.0, 85435.0)	(35.0, 115410.0)	(36.0, 60498.0)	(37.0, 1359.0)									
SRR33075560_1	(12.0, 1.0)	(13.0, 3.0)	(14.0, 9.0)	(15.0, 13.0)	(16.0, 106.0)	(17.0, 189.0)	(18.0, 395.0)	(19.0, 528.0)	(20.0, 938.0)	(21.0, 1289.0)	(22.0, 1087.0)	(23.0, 961.0)	(24.0, 1017.0)	(25.0, 1369.0)	(26.0, 1854.0)	(27.0, 2633.0)	(28.0, 3709.0)	(29.0, 5055.0)	(30.0, 6914.0)	(31.0, 9519.0)	(32.0, 12807.0)	(33.0, 17813.0)	(34.0, 25505.0)	(35.0, 41728.0)	(36.0, 96967.0)	(37.0, 170387.0)										
SRR33075560_2	(11.0, 6.0)	(12.0, 25.0)	(13.0, 124.0)	(14.0, 527.0)	(15.0, 697.0)	(16.0, 617.0)	(17.0, 677.0)	(18.0, 897.0)	(19.0, 1840.0)	(20.0, 2389.0)	(21.0, 2373.0)	(22.0, 2753.0)	(23.0, 3476.0)	(24.0, 4516.0)	(25.0, 5751.0)	(26.0, 7486.0)	(27.0, 9500.0)	(28.0, 12119.0)	(29.0, 15570.0)	(30.0, 20589.0)	(31.0, 26512.0)	(32.0, 35285.0)	(33.0, 50329.0)	(34.0, 74469.0)	(35.0, 87280.0)	(36.0, 36386.0)	(37.0, 603.0)									
SRR33075561_1	(14.0, 1.0)	(15.0, 4.0)	(16.0, 6.0)	(17.0, 15.0)	(18.0, 21.0)	(19.0, 65.0)	(20.0, 122.0)	(21.0, 323.0)	(22.0, 521.0)	(23.0, 595.0)	(24.0, 730.0)	(25.0, 1117.0)	(26.0, 1612.0)	(27.0, 2367.0)	(28.0, 3377.0)	(29.0, 4938.0)	(30.0, 6750.0)	(31.0, 9658.0)	(32.0, 12925.0)	(33.0, 18005.0)	(34.0, 26155.0)	(35.0, 42426.0)	(36.0, 94996.0)	(37.0, 178478.0)												
SRR33075561_2	(7.0, 1.0)	(8.0, 5.0)	(9.0, 7.0)	(10.0, 1.0)	(11.0, 7.0)	(12.0, 18.0)	(13.0, 32.0)	(14.0, 53.0)	(15.0, 47.0)	(16.0, 72.0)	(17.0, 157.0)	(18.0, 247.0)	(19.0, 439.0)	(20.0, 848.0)	(21.0, 1230.0)	(22.0, 1382.0)	(23.0, 1864.0)	(24.0, 2520.0)	(25.0, 3569.0)	(26.0, 5076.0)	(27.0, 6695.0)	(28.0, 9029.0)	(29.0, 11798.0)	(30.0, 16095.0)	(31.0, 21385.0)	(32.0, 28680.0)	(33.0, 40012.0)	(34.0, 60587.0)	(35.0, 95185.0)	(36.0, 91150.0)	(37.0, 7016.0)					
SRR33075562_1	(14.0, 4.0)	(15.0, 9.0)	(16.0, 8.0)	(17.0, 15.0)	(18.0, 29.0)	(19.0, 70.0)	(20.0, 214.0)	(21.0, 479.0)	(22.0, 708.0)	(23.0, 706.0)	(24.0, 775.0)	(25.0, 1008.0)	(26.0, 1577.0)	(27.0, 2237.0)	(28.0, 3080.0)	(29.0, 4335.0)	(30.0, 6076.0)	(31.0, 8351.0)	(32.0, 11556.0)	(33.0, 16150.0)	(34.0, 23522.0)	(35.0, 37958.0)	(36.0, 84714.0)	(37.0, 151651.0)												
SRR33075562_2	(9.0, 2.0)	(10.0, 5.0)	(11.0, 7.0)	(12.0, 15.0)	(13.0, 41.0)	(14.0, 48.0)	(15.0, 49.0)	(16.0, 82.0)	(17.0, 146.0)	(18.0, 260.0)	(19.0, 522.0)	(20.0, 1137.0)	(21.0, 1432.0)	(22.0, 1478.0)	(23.0, 1831.0)	(24.0, 2462.0)	(25.0, 3463.0)	(26.0, 4561.0)	(27.0, 6150.0)	(28.0, 8261.0)	(29.0, 10816.0)	(30.0, 14432.0)	(31.0, 19079.0)	(32.0, 26175.0)	(33.0, 36460.0)	(34.0, 54845.0)	(35.0, 82278.0)	(36.0, 73662.0)	(37.0, 5533.0)							
SRR33075563_1	(15.0, 3.0)	(16.0, 7.0)	(17.0, 14.0)	(18.0, 26.0)	(19.0, 79.0)	(20.0, 153.0)	(21.0, 429.0)	(22.0, 639.0)	(23.0, 782.0)	(24.0, 987.0)	(25.0, 1538.0)	(26.0, 2246.0)	(27.0, 3377.0)	(28.0, 5011.0)	(29.0, 6893.0)	(30.0, 9681.0)	(31.0, 13754.0)	(32.0, 18723.0)	(33.0, 26007.0)	(34.0, 37980.0)	(35.0, 61281.0)	(36.0, 136515.0)	(37.0, 257660.0)													
SRR33075563_2	(8.0, 1.0)	(9.0, 10.0)	(10.0, 9.0)	(11.0, 6.0)	(12.0, 21.0)	(13.0, 57.0)	(14.0, 62.0)	(15.0, 83.0)	(16.0, 121.0)	(17.0, 192.0)	(18.0, 308.0)	(19.0, 489.0)	(20.0, 1010.0)	(21.0, 1534.0)	(22.0, 1908.0)	(23.0, 2448.0)	(24.0, 3537.0)	(25.0, 4919.0)	(26.0, 6725.0)	(27.0, 9168.0)	(28.0, 12301.0)	(29.0, 16836.0)	(30.0, 22275.0)	(31.0, 29794.0)	(32.0, 40166.0)	(33.0, 56397.0)	(34.0, 85445.0)	(35.0, 136095.0)	(36.0, 139624.0)	(37.0, 12244.0)						
SRR33075564_1	(15.0, 3.0)	(16.0, 8.0)	(17.0, 15.0)	(18.0, 55.0)	(19.0, 166.0)	(20.0, 519.0)	(21.0, 1756.0)	(22.0, 2048.0)	(23.0, 1658.0)	(24.0, 1367.0)	(25.0, 1482.0)	(26.0, 2039.0)	(27.0, 2958.0)	(28.0, 4398.0)	(29.0, 5838.0)	(30.0, 8307.0)	(31.0, 11223.0)	(32.0, 15353.0)	(33.0, 21281.0)	(34.0, 30462.0)	(35.0, 49371.0)	(36.0, 107543.0)	(37.0, 170201.0)													
SRR33075564_2	(7.0, 1.0)	(8.0, 4.0)	(9.0, 3.0)	(10.0, 7.0)	(11.0, 7.0)	(12.0, 20.0)	(13.0, 41.0)	(14.0, 40.0)	(15.0, 86.0)	(16.0, 149.0)	(17.0, 296.0)	(18.0, 586.0)	(19.0, 1299.0)	(20.0, 3291.0)	(21.0, 3458.0)	(22.0, 2855.0)	(23.0, 3286.0)	(24.0, 4254.0)	(25.0, 5600.0)	(26.0, 7322.0)	(27.0, 9647.0)	(28.0, 12560.0)	(29.0, 16193.0)	(30.0, 21259.0)	(31.0, 27200.0)	(32.0, 35633.0)	(33.0, 49442.0)	(34.0, 71168.0)	(35.0, 95097.0)	(36.0, 64209.0)	(37.0, 3038.0)					
SRR33075565_1	(15.0, 4.0)	(16.0, 6.0)	(17.0, 14.0)	(18.0, 31.0)	(19.0, 76.0)	(20.0, 191.0)	(21.0, 594.0)	(22.0, 785.0)	(23.0, 809.0)	(24.0, 872.0)	(25.0, 1181.0)	(26.0, 1725.0)	(27.0, 2631.0)	(28.0, 3679.0)	(29.0, 5159.0)	(30.0, 7097.0)	(31.0, 9851.0)	(32.0, 13510.0)	(33.0, 18873.0)	(34.0, 27602.0)	(35.0, 44259.0)	(36.0, 101259.0)	(37.0, 183672.0)													
SRR33075565_2	(7.0, 1.0)	(8.0, 3.0)	(9.0, 9.0)	(10.0, 5.0)	(11.0, 8.0)	(12.0, 21.0)	(13.0, 65.0)	(14.0, 90.0)	(15.0, 103.0)	(16.0, 128.0)	(17.0, 168.0)	(18.0, 305.0)	(19.0, 489.0)	(20.0, 1196.0)	(21.0, 1633.0)	(22.0, 1670.0)	(23.0, 1921.0)	(24.0, 2718.0)	(25.0, 3725.0)	(26.0, 5038.0)	(27.0, 6865.0)	(28.0, 9216.0)	(29.0, 12197.0)	(30.0, 16147.0)	(31.0, 21663.0)	(32.0, 29700.0)	(33.0, 41440.0)	(34.0, 62771.0)	(35.0, 98720.0)	(36.0, 97512.0)	(37.0, 8353.0)					
SRR33075566_1	(14.0, 2.0)	(15.0, 5.0)	(16.0, 5.0)	(17.0, 14.0)	(18.0, 25.0)	(19.0, 55.0)	(20.0, 180.0)	(21.0, 476.0)	(22.0, 644.0)	(23.0, 622.0)	(24.0, 726.0)	(25.0, 921.0)	(26.0, 1426.0)	(27.0, 2152.0)	(28.0, 3063.0)	(29.0, 4248.0)	(30.0, 5862.0)	(31.0, 8099.0)	(32.0, 11238.0)	(33.0, 15817.0)	(34.0, 22705.0)	(35.0, 37516.0)	(36.0, 85189.0)	(37.0, 143091.0)												
SRR33075566_2	(7.0, 1.0)	(8.0, 1.0)	(9.0, 3.0)	(10.0, 6.0)	(11.0, 6.0)	(12.0, 11.0)	(13.0, 38.0)	(14.0, 49.0)	(15.0, 58.0)	(16.0, 80.0)	(17.0, 151.0)	(18.0, 264.0)	(19.0, 441.0)	(20.0, 1013.0)	(21.0, 1390.0)	(22.0, 1446.0)	(23.0, 1871.0)	(24.0, 2456.0)	(25.0, 3408.0)	(26.0, 4621.0)	(27.0, 6255.0)	(28.0, 8180.0)	(29.0, 10919.0)	(30.0, 14665.0)	(31.0, 19265.0)	(32.0, 25631.0)	(33.0, 36470.0)	(34.0, 54467.0)	(35.0, 80782.0)	(36.0, 65778.0)	(37.0, 4355.0)					
SRR33075567_1	(12.0, 1.0)	(13.0, 9.0)	(14.0, 34.0)	(15.0, 330.0)	(16.0, 1132.0)	(17.0, 2155.0)	(18.0, 2583.0)	(19.0, 2739.0)	(20.0, 2344.0)	(21.0, 2414.0)	(22.0, 3110.0)	(23.0, 4298.0)	(24.0, 6190.0)	(25.0, 8901.0)	(26.0, 12947.0)	(27.0, 19059.0)	(28.0, 27521.0)	(29.0, 35929.0)	(30.0, 46466.0)	(31.0, 60530.0)	(32.0, 79826.0)	(33.0, 107525.0)	(34.0, 153197.0)	(35.0, 250904.0)	(36.0, 541839.0)	(37.0, 508882.0)										
SRR33075567_2	(11.0, 6.0)	(12.0, 50.0)	(13.0, 422.0)	(14.0, 3122.0)	(15.0, 4759.0)	(16.0, 3908.0)	(17.0, 4189.0)	(18.0, 5315.0)	(19.0, 7146.0)	(20.0, 10036.0)	(21.0, 14265.0)	(22.0, 20492.0)	(23.0, 31378.0)	(24.0, 41702.0)	(25.0, 52230.0)	(26.0, 65269.0)	(27.0, 81666.0)	(28.0, 101667.0)	(29.0, 125508.0)	(30.0, 153374.0)	(31.0, 194004.0)	(32.0, 248735.0)	(33.0, 296588.0)	(34.0, 261358.0)	(35.0, 128326.0)	(36.0, 24735.0)	(37.0, 615.0)									
SRR33075568_1	(12.0, 2.0)	(13.0, 5.0)	(14.0, 21.0)	(15.0, 102.0)	(16.0, 406.0)	(17.0, 967.0)	(18.0, 1748.0)	(19.0, 2106.0)	(20.0, 2177.0)	(21.0, 2255.0)	(22.0, 2797.0)	(23.0, 3881.0)	(24.0, 5366.0)	(25.0, 7696.0)	(26.0, 10945.0)	(27.0, 16210.0)	(28.0, 23455.0)	(29.0, 30115.0)	(30.0, 39127.0)	(31.0, 51168.0)	(32.0, 66659.0)	(33.0, 91024.0)	(34.0, 129855.0)	(35.0, 213054.0)	(36.0, 464803.0)	(37.0, 444755.0)										
SRR33075568_2	(11.0, 3.0)	(12.0, 40.0)	(13.0, 240.0)	(14.0, 1431.0)	(15.0, 3240.0)	(16.0, 3289.0)	(17.0, 3702.0)	(18.0, 4761.0)	(19.0, 6529.0)	(20.0, 8831.0)	(21.0, 12769.0)	(22.0, 18081.0)	(23.0, 27832.0)	(24.0, 36619.0)	(25.0, 45344.0)	(26.0, 57041.0)	(27.0, 71327.0)	(28.0, 87887.0)	(29.0, 109174.0)	(30.0, 133949.0)	(31.0, 168647.0)	(32.0, 216570.0)	(33.0, 254789.0)	(34.0, 220692.0)	(35.0, 101442.0)	(36.0, 16177.0)	(37.0, 293.0)									
SRR33075569_1	(14.0, 3.0)	(15.0, 9.0)	(16.0, 34.0)	(17.0, 73.0)	(18.0, 369.0)	(19.0, 1015.0)	(20.0, 1908.0)	(21.0, 2711.0)	(22.0, 6066.0)	(23.0, 10611.0)	(24.0, 8322.0)	(25.0, 8687.0)	(26.0, 12024.0)	(27.0, 17991.0)	(28.0, 24096.0)	(29.0, 33193.0)	(30.0, 43171.0)	(31.0, 55311.0)	(32.0, 70594.0)	(33.0, 92524.0)	(34.0, 127367.0)	(35.0, 195918.0)	(36.0, 394724.0)	(37.0, 441444.0)												
SRR33075569_2	(7.0, 1.0)	(8.0, 15.0)	(9.0, 18.0)	(10.0, 30.0)	(11.0, 34.0)	(12.0, 57.0)	(13.0, 166.0)	(14.0, 198.0)	(15.0, 340.0)	(16.0, 931.0)	(17.0, 1922.0)	(18.0, 3152.0)	(19.0, 4705.0)	(20.0, 7518.0)	(21.0, 15305.0)	(22.0, 24632.0)	(23.0, 30969.0)	(24.0, 40378.0)	(25.0, 45610.0)	(26.0, 53011.0)	(27.0, 62244.0)	(28.0, 74236.0)	(29.0, 87974.0)	(30.0, 106314.0)	(31.0, 128617.0)	(32.0, 162156.0)	(33.0, 206949.0)	(34.0, 241646.0)	(35.0, 190406.0)	(36.0, 57012.0)	(37.0, 1619.0)					
SRR33075570_1	(14.0, 6.0)	(15.0, 16.0)	(16.0, 44.0)	(17.0, 110.0)	(18.0, 426.0)	(19.0, 1316.0)	(20.0, 2321.0)	(21.0, 3023.0)	(22.0, 5697.0)	(23.0, 9845.0)	(24.0, 8431.0)	(25.0, 9689.0)	(26.0, 14296.0)	(27.0, 21209.0)	(28.0, 28257.0)	(29.0, 39364.0)	(30.0, 51109.0)	(31.0, 64073.0)	(32.0, 82980.0)	(33.0, 108578.0)	(34.0, 148637.0)	(35.0, 230268.0)	(36.0, 462333.0)	(37.0, 498707.0)												
SRR33075570_2	(6.0, 1.0)	(7.0, 6.0)	(8.0, 15.0)	(9.0, 33.0)	(10.0, 36.0)	(11.0, 43.0)	(12.0, 68.0)	(13.0, 168.0)	(14.0, 208.0)	(15.0, 382.0)	(16.0, 1074.0)	(17.0, 2061.0)	(18.0, 3311.0)	(19.0, 5042.0)	(20.0, 7989.0)	(21.0, 14630.0)	(22.0, 25456.0)	(23.0, 35819.0)	(24.0, 45704.0)	(25.0, 51172.0)	(26.0, 58375.0)	(27.0, 68997.0)	(28.0, 81570.0)	(29.0, 97742.0)	(30.0, 117458.0)	(31.0, 144306.0)	(32.0, 180159.0)	(33.0, 232894.0)	(34.0, 286521.0)	(35.0, 246162.0)	(36.0, 81059.0)	(37.0, 2274.0)				
