Sample	0	1	2	3	4	5	6	7	8	9	10	11	12	13	14	15
SRR33022240_1	(1.0, 2.556080434634046)	(2.0, 0.744464566391034)	(3.0, 0.2652395270962892)	(4.0, 0.10250802979566732)	(5.0, 0.0822199822319415)	(6.0, 0.05637941638761703)	(7.0, 0.04783708057131142)	(8.0, 0.05467094922435591)	(9.0, 0.040362536732044006)	('>10', 0.7006850953324677)	('>50', 0.48221485683045173)	('>100', 2.1902549033007586)	('>500', 5.839967880817331)	('>1k', 86.83711474065468)	('>5k', 0.0)	('>10k+', 0.0)
SRR33022240_2	(1.0, 2.64897833663637)	(2.0, 0.4061880680653318)	(3.0, 0.22103293924690767)	(4.0, 0.16230438050980658)	(5.0, 0.11211815758901114)	(6.0, 0.10891478165789654)	(7.0, 0.1151079751247181)	(8.0, 0.09738262830588396)	(9.0, 0.09610127793343812)	('>10', 2.5921718034579375)	('>50', 1.3249162851090002)	('>100', 2.7598151438529355)	('>500', 1.7718940066971913)	('>1k', 5.150814938836875)	('>5k', 0.0)	('>10k+', 82.4322592769767)
SRR33022241_1	(1.0, 2.722765270371201)	(2.0, 0.8122132484392659)	(3.0, 0.29396458053431873)	(4.0, 0.15329708496011882)	(5.0, 0.11431955909667951)	(6.0, 0.0953751750178012)	(7.0, 0.053349127578450437)	(8.0, 0.059228419189136815)	(9.0, 0.04899409675571979)	('>10', 0.6560853934443721)	('>50', 0.3181350016004738)	('>100', 1.9129472888844372)	('>500', 17.94882403280209)	('>1k', 74.81050172132593)	('>5k', 0.0)	('>10k+', 0.0)
SRR33022241_2	(1.0, 2.8743203430022275)	(2.0, 0.42069597747578064)	(3.0, 0.22210657195926303)	(4.0, 0.17942726989650268)	(5.0, 0.16440241355808197)	(6.0, 0.14502252639693056)	(7.0, 0.11889234146054668)	(8.0, 0.10103671508735104)	(9.0, 0.1136663044732699)	('>10', 2.5529190682847056)	('>50', 1.21069856871912)	('>100', 2.81639843305991)	('>500', 1.9114230280964812)	('>1k', 5.223423968783139)	('>5k', 0.0)	('>10k+', 81.9455664697467)
SRR33022242_1	(1.0, 1.637312039153814)	(2.0, 0.7795051327910265)	(3.0, 0.5369891724014788)	(4.0, 0.3524311603005617)	(5.0, 0.23344173616253985)	(6.0, 0.12821000682030403)	(7.0, 0.08503426251437972)	(8.0, 0.07727726438484078)	(9.0, 0.05005459170381732)	('>10', 0.5002532001276246)	('>50', 0.3032547193283903)	('>100', 1.5645718868824772)	('>500', 1.3363990551098128)	('>1k', 23.384275832999148)	('>5k', 51.942323059945494)	('>10k+', 17.08866687937429)
SRR33022242_2	(1.0, 2.595667204290059)	(2.0, 0.3995585828988926)	(3.0, 0.21646415535071878)	(4.0, 0.15455452876968157)	(5.0, 0.11415959511396932)	(6.0, 0.10625623852915608)	(7.0, 0.07991171657977854)	(8.0, 0.05503077918314419)	(9.0, 0.044785687313941815)	('>10', 1.3175188143794254)	('>50', 0.9443047534299105)	('>100', 3.292333451395821)	('>500', 2.154250103182711)	('>1k', 3.5944173030820163)	('>5k', 0.0)	('>10k+', 84.93078708650077)
SRR33022243_1	(1.0, 1.657060733105806)	(2.0, 0.8700387113667404)	(3.0, 0.5338062408317141)	(4.0, 0.31540391041338744)	(5.0, 0.162165218089902)	(6.0, 0.12229340299990776)	(7.0, 0.06560996438316219)	(8.0, 0.05117874772745532)	(9.0, 0.048203239138649774)	('>10', 0.6028380400920027)	('>50', 0.3786334679255052)	('>100', 1.3223160168651826)	('>500', 1.4554700262142306)	('>1k', 35.83836442243891)	('>5k', 56.57661785840745)	('>10k+', 0.0)
SRR33022243_2	(1.0, 2.5581935092255645)	(2.0, 0.3713434718829316)	(3.0, 0.21379029210567818)	(4.0, 0.14996563287579928)	(5.0, 0.11009381778580504)	(6.0, 0.0928358679707329)	(7.0, 0.09997708858386621)	(8.0, 0.07617301987342186)	(9.0, 0.05623711232842474)	('>10', 0.9414509174980733)	('>50', 0.6953763572038552)	('>100', 2.6639728395576014)	('>500', 2.5227849570187786)	('>1k', 4.206327716564954)	('>5k', 0.8468297443740571)	('>10k+', 84.39464765515045)
SRR33022244_1	(1.0, 1.539815284512295)	(2.0, 0.7983177797867185)	(3.0, 0.5653688216806899)	(4.0, 0.37067790413952)	(5.0, 0.23450761901793027)	(6.0, 0.15898341301396846)	(7.0, 0.09918751257555963)	(8.0, 0.07254858062669504)	(9.0, 0.045909648677830456)	('>10', 0.4885693476578994)	('>50', 0.23224047587334604)	('>100', 2.10986008892869)	('>500', 1.3666622268446753)	('>1k', 25.670295040340978)	('>5k', 66.2470562563232)	('>10k+', 0.0)
SRR33022244_2	(1.0, 2.5227635341360912)	(2.0, 0.3678439752087897)	(3.0, 0.22189663527618056)	(4.0, 0.1422632323226598)	(5.0, 0.1069808171350679)	(6.0, 0.09096911867644183)	(7.0, 0.08331751056347009)	(8.0, 0.06121286490377394)	(9.0, 0.062488132922602566)	('>10', 1.122802642355335)	('>50', 1.1103333550601218)	('>100', 3.372800516908637)	('>500', 1.9068090810418654)	('>1k', 3.5067036588856424)	('>5k', 0.0)	('>10k+', 85.32081492460331)
SRR33022245_1	(1.0, 1.0638544264218823)	(2.0, 0.5558600776660052)	(3.0, 0.491009735271638)	(4.0, 0.38539632051509704)	(5.0, 0.2902824850033583)	(6.0, 0.19547746064587854)	(7.0, 0.1610450169460121)	(8.0, 0.10623103706505878)	(9.0, 0.09866516378571594)	('>10', 0.4771132333299879)	('>50', 0.18883802082931234)	('>100', 0.49378903565996807)	('>500', 0.689420901882976)	('>1k', 4.831041697226103)	('>5k', 22.718773402095284)	('>10k+', 67.25320198565572)
SRR33022245_2	(1.0, 2.561434119000378)	(2.0, 0.4020721228450772)	(3.0, 0.23160836569416887)	(4.0, 0.1735518686934972)	(5.0, 0.12352446170355673)	(6.0, 0.10468698129376434)	(7.0, 0.07890124991314687)	(8.0, 0.08399663395841858)	(9.0, 0.07226181009658068)	('>10', 1.3471886604544157)	('>50', 1.0372966671556176)	('>100', 3.1961954465795306)	('>500', 2.5112523064333083)	('>1k', 3.4305831126620294)	('>5k', 0.0)	('>10k+', 84.6454461935165)
SRR33022246_1	(1.0, 2.133807752439485)	(2.0, 0.9320178985390047)	(3.0, 0.5401908458677018)	(4.0, 0.29068952504178125)	(5.0, 0.17143781335921074)	(6.0, 0.08927704997573993)	(7.0, 0.07547576688770284)	(8.0, 0.05002965119413446)	(9.0, 0.038816108685104316)	('>10', 0.5664995417542724)	('>50', 0.3793196398727694)	('>100', 1.9686236454795405)	('>500', 1.8021456682300934)	('>1k', 87.66467194997036)	('>5k', 3.2969971427031104)	('>10k+', 0.0)
SRR33022246_2	(1.0, 2.5898970294894603)	(2.0, 0.38255431559652814)	(3.0, 0.2257803655183568)	(4.0, 0.1854547414954984)	(5.0, 0.10890074936654268)	(6.0, 0.1190360666343199)	(7.0, 0.06943770553668661)	(8.0, 0.06038061351016227)	(9.0, 0.07180980106744299)	('>10', 1.0085718906679606)	('>50', 1.0312146207342714)	('>100', 3.1402231926249393)	('>500', 2.90603267022481)	('>1k', 3.837403633619063)	('>5k', 0.0)	('>10k+', 84.26330260391396)
SRR33022247_1	(1.0, 3.354701495463783)	(2.0, 0.8391943918378081)	(3.0, 0.30933471122993417)	(4.0, 0.1983802025784813)	(5.0, 0.12341093997614823)	(6.0, 0.10795573814735959)	(7.0, 0.06781834832334127)	(8.0, 0.06827969763166333)	(9.0, 0.060206084736027454)	('>10', 1.3300700558924687)	('>50', 1.3206123950718667)	('>100', 7.117927803446741)	('>500', 22.601963964005527)	('>1k', 62.50014417165885)	('>5k', 0.0)	('>10k+', 0.0)
SRR33022247_2	(1.0, 2.3990164032746573)	(2.0, 0.36677270011602936)	(3.0, 0.23182802743182987)	(4.0, 0.1753127371623788)	(5.0, 0.13955816576741997)	(6.0, 0.12733240909688565)	(7.0, 0.13725141922580972)	(8.0, 0.10703303953071548)	(9.0, 0.08719501927286735)	('>10', 2.4555316935441085)	('>50', 0.8707968194578685)	('>100', 2.6781327348094974)	('>500', 3.630588381840368)	('>1k', 1.4747030640514314)	('>5k', 2.2405429158660333)	('>10k+', 82.87840446955211)
SRR33022248_1	(1.0, 2.141428352563176)	(2.0, 0.8995984282381982)	(3.0, 0.4842165682337532)	(4.0, 0.2626076486365765)	(5.0, 0.16129763135237543)	(6.0, 0.11943577117530409)	(7.0, 0.08307637200088903)	(8.0, 0.07466084340859118)	(9.0, 0.062145441912353355)	('>10', 0.8952827725498405)	('>50', 0.4207764296148925)	('>100', 2.9812549495176177)	('>500', 2.19888051891444)	('>1k', 77.14007971016056)	('>5k', 12.075258561721428)	('>10k+', 0.0)
SRR33022248_2	(1.0, 2.0312172954217367)	(2.0, 0.26627595597168063)	(3.0, 0.15277421136786867)	(4.0, 0.10983343726870783)	(5.0, 0.08604338528663506)	(6.0, 0.07379771227091961)	(7.0, 0.058908700146084944)	(8.0, 0.05394569610447339)	(9.0, 0.04903663775896631)	('>10', 1.1476946846226714)	('>50', 1.0835532519544526)	('>100', 2.3373051751185185)	('>500', 1.2823431420994371)	('>1k', 4.398030766309402)	('>5k', 0.29168437883688764)	('>10k+', 86.57755556946157)
SRR33022249_1	(1.0, 0.8754823022765007)	(2.0, 0.20522900462050728)	(3.0, 0.1767988374504575)	(4.0, 0.1758343864065665)	(5.0, 0.17552117850341925)	(6.0, 0.17972302322250847)	(7.0, 0.17370087691716032)	(8.0, 0.1687835617868091)	(9.0, 0.1579273997062462)	('>10', 1.7826290741635096)	('>50', 0.2975968425277916)	('>100', 0.726432592500084)	('>500', 0.4724456211306986)	('>1k', 2.9210026528149196)	('>5k', 2.494365854756025)	('>10k+', 89.0165267912168)
SRR33022249_2	(1.0, 1.4750478947666337)	(2.0, 0.18534037063289655)	(3.0, 0.11181091781986396)	(4.0, 0.08121234870456392)	(5.0, 0.06559981251257488)	(6.0, 0.0533395597499344)	(7.0, 0.0446141322097258)	(8.0, 0.04075610167063041)	(9.0, 0.034691512389476806)	('>10', 0.5180073251208556)	('>50', 0.25942251993064064)	('>100', 1.1269339931332363)	('>500', 1.1222981540075627)	('>1k', 2.4518054841600656)	('>5k', 1.5643791518760737)	('>10k+', 90.86474072131526)
SRR33022250_1	(1.0, 2.957832821711892)	(2.0, 0.9311738122748126)	(3.0, 0.39721878482501183)	(4.0, 0.2123969635438388)	(5.0, 0.13217836787062928)	(6.0, 0.1025521819685917)	(7.0, 0.09252485750944049)	(8.0, 0.06927969626322639)	(9.0, 0.06768444009927051)	('>10', 0.9298064498485646)	('>50', 0.5396523708925003)	('>100', 3.47857001237463)	('>500', 4.120318777760306)	('>1k', 85.96881046305728)	('>5k', 0.0)	('>10k+', 0.0)
SRR33022250_2	(1.0, 2.021873240945212)	(2.0, 0.30993548328285486)	(3.0, 0.20647172636343125)	(4.0, 0.16499506610057862)	(5.0, 0.12762049311646964)	(6.0, 0.10938899409983115)	(7.0, 0.11645369996877855)	(8.0, 0.11121214400149498)	(9.0, 0.09229696377173252)	('>10', 2.469456541803688)	('>50', 1.0836347228014522)	('>100', 2.9548702031216885)	('>500', 1.7463497120562623)	('>1k', 1.5036428813972622)	('>5k', 0.0)	('>10k+', 86.98179812716927)
SRR33022251_1	(1.0, 1.157109404479169)	(2.0, 0.6001265176569818)	(3.0, 0.5073191574367967)	(4.0, 0.42505493529842625)	(5.0, 0.29340443477681843)	(6.0, 0.24804119592479967)	(7.0, 0.15245932568308435)	(8.0, 0.11874902892149246)	(9.0, 0.08240294763944687)	('>10', 0.569745632921226)	('>50', 0.25497747097862516)	('>100', 1.4011275608727498)	('>500', 0.3559696357623244)	('>1k', 9.06057865181009)	('>5k', 24.87958626506559)	('>10k+', 59.893347834772385)
SRR33022251_2	(1.0, 2.787827669633543)	(2.0, 0.37233924488935255)	(3.0, 0.2288970767762413)	(4.0, 0.15592746320999712)	(5.0, 0.11722304840965085)	(6.0, 0.08739706567820123)	(7.0, 0.0786573591103811)	(8.0, 0.08323530064590592)	(9.0, 0.06367500499411803)	('>10', 1.023239295940337)	('>50', 0.6045657336914301)	('>100', 2.5918085366124344)	('>500', 1.6943932701484916)	('>1k', 5.107179322131712)	('>5k', 1.508084922202739)	('>10k+', 83.49554968592547)
SRR33022252_1	(1.0, 3.4790499896287077)	(2.0, 0.8214063472308649)	(3.0, 0.3417340800663763)	(4.0, 0.18460900228168428)	(5.0, 0.125319781511443)	(6.0, 0.10475005185646132)	(7.0, 0.08832883910668603)	(8.0, 0.08297033810412777)	(9.0, 0.0731176104542626)	('>10', 1.151904860678974)	('>50', 1.2504321371776257)	('>100', 7.341146373504806)	('>500', 16.850584249464152)	('>1k', 68.10464633893383)	('>5k', 0.0)	('>10k+', 0.0)
SRR33022252_2	(1.0, 2.3378621309548504)	(2.0, 0.3726751019843739)	(3.0, 0.2509852727649865)	(4.0, 0.1590264813662449)	(5.0, 0.12445550715619166)	(6.0, 0.1420867040033188)	(7.0, 0.10889856876166772)	(8.0, 0.12307266818778954)	(9.0, 0.0731176104542626)	('>10', 2.3734702343912053)	('>50', 0.8926225541035747)	('>100', 2.4384636659061054)	('>500', 2.7815805849408837)	('>1k', 5.297137523335407)	('>5k', 3.7754960934799144)	('>10k+', 78.74904929820923)
SRR33022253_1	(1.0, 3.1971687220369605)	(2.0, 0.5995205245334746)	(3.0, 0.21918207264487924)	(4.0, 0.13860388302302115)	(5.0, 0.10747673980174945)	(6.0, 0.06977178518277506)	(7.0, 0.05673362330518578)	(8.0, 0.0592003025793243)	(9.0, 0.05391456127759891)	('>10', 1.8745587874274532)	('>50', 1.7364247480756965)	('>100', 16.790333436307407)	('>500', 47.76665683910321)	('>1k', 27.330453974701268)	('>5k', 0.0)	('>10k+', 0.0)
SRR33022253_2	(1.0, 2.3312468358965264)	(2.0, 0.28190620275868716)	(3.0, 0.17196278368279916)	(4.0, 0.12074982351497097)	(5.0, 0.09161951589657331)	(6.0, 0.07822897126553567)	(7.0, 0.0789337367724324)	(8.0, 0.065778113977027)	(9.0, 0.04862881997587353)	('>10', 1.8409649649320432)	('>50', 0.8519440369203157)	('>100', 2.146010968500506)	('>500', 1.6125034797796902)	('>1k', 2.0340707138217438)	('>5k', 0.7183909733633876)	('>10k+', 87.52706005894188)
SRR33022254_1	(1.0, 3.376641932324283)	(2.0, 0.812153730173203)	(3.0, 0.341217365801936)	(4.0, 0.20905438610013932)	(5.0, 0.1522788244074756)	(6.0, 0.119567076942166)	(7.0, 0.09475126852020703)	(8.0, 0.07369543107127213)	(9.0, 0.06260351670085107)	('>10', 1.2710581874307931)	('>50', 1.4474008260656228)	('>100', 7.1674446673271675)	('>500', 16.387457488828186)	('>1k', 68.4846752983067)	('>5k', 0.0)	('>10k+', 0.0)
SRR33022254_2	(1.0, 2.3962295011082513)	(2.0, 0.366973166967151)	(3.0, 0.21995830192190918)	(4.0, 0.1661907170076647)	(5.0, 0.12501903485305094)	(6.0, 0.1274630159855166)	(7.0, 0.11317512628802506)	(8.0, 0.08271936140652994)	(9.0, 0.08798332076876367)	('>10', 2.606411878500298)	('>50', 1.0260960785382738)	('>100', 3.097652086125895)	('>500', 1.6218634792139406)	('>1k', 2.365397739129454)	('>5k', 2.9115335229612027)	('>10k+', 82.68533366922406)
SRR33022255_1	(1.0, 3.0790588160571986)	(2.0, 0.874675909438379)	(3.0, 0.3804023599917432)	(4.0, 0.24679652216518583)	(5.0, 0.1712604542598486)	(6.0, 0.12521294139263103)	(7.0, 0.11273701426111889)	(8.0, 0.08347529426175403)	(9.0, 0.0694115218589585)	('>10', 1.2723177323754846)	('>50', 1.250541568655027)	('>100', 7.059560076125838)	('>500', 19.69018870406874)	('>1k', 65.58436108508809)	('>5k', 0.0)	('>10k+', 0.0)
SRR33022255_2	(1.0, 2.5704946591690128)	(2.0, 0.3407062282096591)	(3.0, 0.2211641627858972)	(4.0, 0.1497111255781458)	(5.0, 0.11908839534625233)	(6.0, 0.11296384929987366)	(7.0, 0.10638563317598544)	(8.0, 0.13247166263278357)	(9.0, 0.09799273674205908)	('>10', 2.5986222039746036)	('>50', 1.0325530964116965)	('>100', 3.1294161946607573)	('>500', 1.6327586089568085)	('>1k', 2.1655941149917544)	('>5k', 0.0)	('>10k+', 85.59007732806471)
SRR33022256_1	(1.0, 2.6561469258200523)	(2.0, 0.8456265476065279)	(3.0, 0.2810788072315649)	(4.0, 0.1223744466858514)	(5.0, 0.09440997351740489)	(6.0, 0.08317638173178964)	(7.0, 0.056884996701626236)	(8.0, 0.045890417507194275)	(9.0, 0.043022266412994635)	('>10', 0.650353260609769)	('>50', 0.36831840301347074)	('>100', 1.1625572435155884)	('>500', 7.676845416216526)	('>1k', 85.91331491342964)	('>5k', 0.0)	('>10k+', 0.0)
SRR33022256_2	(1.0, 2.656863963593602)	(2.0, 0.40154115318795)	(3.0, 0.21296021874432344)	(4.0, 0.17400116638144497)	(5.0, 0.1087507289884031)	(6.0, 0.11616011931508553)	(7.0, 0.10540455271183687)	(8.0, 0.08413243209652284)	(9.0, 0.06883562626079141)	('>10', 2.5361626050460337)	('>50', 1.192194804822318)	('>100', 2.644196296260887)	('>500', 1.4027648976548084)	('>1k', 7.536067000009561)	('>5k', 0.0)	('>10k+', 80.75996443492643)
SRR33022257_1	(1.0, 2.743364261737511)	(2.0, 0.7085122454667738)	(3.0, 0.2350935728971849)	(4.0, 0.12764530762115195)	(5.0, 0.08179802149773188)	(6.0, 0.07028570736101405)	(7.0, 0.055137925602174814)	(8.0, 0.04200984807784748)	(9.0, 0.04907881289863913)	('>10', 0.731132932893307)	('>50', 0.5344137404518483)	('>100', 1.9629505455221137)	('>500', 14.429978873893706)	('>1k', 78.22859820407899)	('>5k', 0.0)	('>10k+', 0.0)
SRR33022257_2	(1.0, 2.6807534304676426)	(2.0, 0.3780886327006273)	(3.0, 0.21267485589410287)	(4.0, 0.1389556513344186)	(5.0, 0.13330047947778528)	(6.0, 0.10300491596010679)	(7.0, 0.08058619895702474)	(8.0, 0.06624629889199027)	(9.0, 0.10179309341939967)	('>10', 2.0518175318406375)	('>50', 1.4006648866340015)	('>100', 2.7074135263631995)	('>500', 1.4339900065034477)	('>1k', 6.281886080602357)	('>5k', 0.0)	('>10k+', 82.22882441095327)
SRR33022258_1	(1.0, 2.670900026428534)	(2.0, 0.8162281987066198)	(3.0, 0.3031191063919298)	(4.0, 0.14670533263096958)	(5.0, 0.09258976262861436)	(6.0, 0.047463489968843094)	(7.0, 0.05789107488624044)	(8.0, 0.06328465329179078)	(9.0, 0.05339642621494848)	('>10', 0.7058396273396893)	('>50', 0.5323461886278197)	('>100', 2.574354972969183)	('>500', 9.988727421132399)	('>1k', 81.94715371878242)	('>5k', 0.0)	('>10k+', 0.0)
SRR33022258_2	(1.0, 2.3325428744536754)	(2.0, 0.33404228925041846)	(3.0, 0.19093267555648244)	(4.0, 0.133041600670242)	(5.0, 0.09348869236287277)	(6.0, 0.08198239176436535)	(7.0, 0.08683661232936066)	(8.0, 0.06616122844141764)	(9.0, 0.07604945551825995)	('>10', 1.8329177281528612)	('>50', 1.1614172166618424)	('>100', 2.6847435443361136)	('>500', 1.4165334752443741)	('>1k', 5.708024026593937)	('>5k', 1.0600179426374958)	('>10k+', 82.74126824602628)
SRR33022259_1	(1.0, 2.470458633480502)	(2.0, 0.9195906810220925)	(3.0, 0.4202060365082234)	(4.0, 0.20655289044951072)	(5.0, 0.11726179718227434)	(6.0, 0.08778497844104206)	(7.0, 0.0677751671787457)	(8.0, 0.053359496699456936)	(9.0, 0.04453796700317575)	('>10', 0.6882944755708175)	('>50', 0.4400006885096348)	('>100', 1.9758074927061011)	('>500', 2.2086098129835703)	('>1k', 90.29975988226485)	('>5k', 0.0)	('>10k+', 0.0)
SRR33022259_2	(1.0, 2.5629771156610124)	(2.0, 0.4174089661167196)	(3.0, 0.25431824636596007)	(4.0, 0.16696358644668782)	(5.0, 0.15599046414155757)	(6.0, 0.12780460096563476)	(7.0, 0.17169709018615578)	(8.0, 0.11876791200846866)	(9.0, 0.11812243422581394)	('>10', 3.0163176783455112)	('>50', 1.1906913497370755)	('>100', 2.9139018701642954)	('>500', 2.172678216415791)	('>1k', 2.945960600036147)	('>5k', 1.6995430017298803)	('>10k+', 81.96685686745329)
SRR33022260_1	(1.0, 2.6132828907367536)	(2.0, 0.7660381902935207)	(3.0, 0.25201716536496965)	(4.0, 0.13628900318105583)	(5.0, 0.06755704899060958)	(6.0, 0.06873195419044625)	(7.0, 0.0472899342934267)	(8.0, 0.05639544959216103)	(9.0, 0.023791830296692934)	('>10', 0.6758642162060549)	('>50', 0.2743403641618667)	('>100', 5.334657059858483)	('>500', 14.149383321633236)	('>1k', 75.53436157120072)	('>5k', 0.0)	('>10k+', 0.0)
SRR33022260_2	(1.0, 2.8127230484090315)	(2.0, 0.5251826243269997)	(3.0, 0.2643536699632548)	(4.0, 0.20443350477158373)	(5.0, 0.15567493897836118)	(6.0, 0.14803805517942273)	(7.0, 0.14803805517942273)	(8.0, 0.11279089918432206)	(9.0, 0.14803805517942273)	('>10', 2.76719547191536)	('>50', 1.2506865852261546)	('>100', 2.347754315573662)	('>500', 2.512534769850758)	('>1k', 12.492473263563546)	('>5k', 0.0)	('>10k+', 74.11008274269871)
SRR33022261_1	(1.0, 2.5070205058157784)	(2.0, 0.8625394859264665)	(3.0, 0.29863662201257324)	(4.0, 0.1266943244901826)	(5.0, 0.10322193847972466)	(6.0, 0.09162714539022135)	(7.0, 0.057408365784613995)	(8.0, 0.03846077707737686)	(9.0, 0.05344916814429578)	('>10', 0.6705184003710334)	('>50', 0.5347744812744092)	('>100', 2.0542579756622463)	('>500', 4.287811044464618)	('>1k', 88.31357976510647)	('>5k', 0.0)	('>10k+', 0.0)
SRR33022261_2	(1.0, 2.9153834624314565)	(2.0, 0.42533094650275594)	(3.0, 0.2570650467892321)	(4.0, 0.16515510156755947)	(5.0, 0.13574391909662423)	(6.0, 0.12216952718696181)	(7.0, 0.11283713274906888)	(8.0, 0.15158070965789705)	(9.0, 0.11198873325471498)	('>10', 2.609959644464052)	('>50', 1.2793864374856834)	('>100', 2.6809424021583284)	('>500', 2.14418832206376)	('>1k', 4.515464908782914)	('>5k', 1.780790538648839)	('>10k+', 80.59201316716015)
SRR33022262_1	(1.0, 1.7140220578385699)	(2.0, 0.8248619524610417)	(3.0, 0.5550180838555078)	(4.0, 0.34292348222126307)	(5.0, 0.2232574754044681)	(6.0, 0.1339544852426809)	(7.0, 0.10418682185541846)	(8.0, 0.06906097905844881)	(9.0, 0.04420498013008469)	('>10', 0.6730468691860033)	('>50', 0.24841115096670488)	('>100', 1.403098813758614)	('>500', 1.2297021745278105)	('>1k', 25.354904966734637)	('>5k', 67.07934570675876)	('>10k+', 0.0)
SRR33022262_2	(1.0, 2.9581615491092026)	(2.0, 0.4182356705910369)	(3.0, 0.24201110333844345)	(4.0, 0.19289445874946046)	(5.0, 0.1280009525652284)	(6.0, 0.091089049965023)	(7.0, 0.09585187610698498)	(8.0, 0.09287510976825875)	(9.0, 0.06295860806406)	('>10', 1.2974236087338324)	('>50', 1.1183711134594492)	('>100', 3.5975709586675992)	('>500', 2.3366127375831636)	('>1k', 3.5689940018158275)	('>5k', 0.0)	('>10k+', 83.79894920148243)
SRR33022263_1	(1.0, 1.2372818145049034)	(2.0, 0.641096350924744)	(3.0, 0.5156872941584331)	(4.0, 0.40130898165219536)	(5.0, 0.2869306691459577)	(6.0, 0.19934130698561278)	(7.0, 0.11949972948412887)	(8.0, 0.08614485993581157)	(9.0, 0.07563938921193211)	('>10', 0.5532443519963021)	('>50', 0.2744554226613509)	('>100', 0.7326252646065439)	('>500', 1.8609128203511978)	('>1k', 11.13737478792081)	('>5k', 35.018542155827646)	('>10k+', 46.85991480063243)
SRR33022263_2	(1.0, 2.466290570814752)	(2.0, 0.3272454130488452)	(3.0, 0.1985533966813218)	(4.0, 0.15495569317722205)	(5.0, 0.10965085068049188)	(6.0, 0.0835184922548417)	(7.0, 0.07169983769047732)	(8.0, 0.06828555970521649)	(9.0, 0.07091192738618636)	('>10', 0.923299558244956)	('>50', 0.5411630606638407)	('>100', 2.4665532075828485)	('>500', 1.8158706146225647)	('>1k', 5.31025281415297)	('>5k', 0.8083959722025245)	('>10k+', 84.58335303109094)
SRR33075535_1	(1.0, 1.9357623395970758)	(2.0, 0.6625555923844353)	(3.0, 0.5494585547619135)	(4.0, 0.5708881061740178)	(5.0, 0.5879467575813867)	(6.0, 0.5791442506274063)	(7.0, 0.5753804200677732)	(8.0, 0.547333811704056)	(9.0, 0.4769744630167223)	('>10', 3.9868678737635515)	('>50', 1.3078704125279708)	('>100', 3.8633899486297834)	('>500', 2.8383531905748827)	('>1k', 10.748650181088816)	('>5k', 6.359598799945121)	('>10k+', 64.40982529755509)
SRR33075535_2	(1.0, 63.60232404346847)	(2.0, 11.53549997325026)	(3.0, 5.219024743768993)	(4.0, 3.988550754871556)	(5.0, 3.3530639978219776)	(6.0, 2.8441243967801992)	(7.0, 2.2113938370546813)	(8.0, 1.725841643503618)	(9.0, 1.3432317847735984)	('>10', 4.176944824706651)	('>50', 0.0)	('>100', 0.0)	('>500', 0.0)	('>1k', 0.0)	('>5k', 0.0)	('>10k+', 0.0)
SRR33075536_1	(1.0, 2.315191345318613)	(2.0, 0.7812687717479233)	(3.0, 0.6865408433188414)	(4.0, 0.7021953434051231)	(5.0, 0.7142820737042989)	(6.0, 0.6972441526801596)	(7.0, 0.5840948822890811)	(8.0, 0.5434659936930567)	(9.0, 0.479683007294997)	('>10', 3.876272656248293)	('>50', 1.3733001215226077)	('>100', 4.518835276068929)	('>500', 3.0876499100412333)	('>1k', 11.624813329187925)	('>5k', 6.449654035548093)	('>10k+', 61.56550825793082)
SRR33075536_2	(1.0, 58.3429421302974)	(2.0, 8.133940665373865)	(3.0, 2.7796782813478047)	(4.0, 1.8364211920056766)	(5.0, 1.5095292187914122)	(6.0, 1.3360993893930624)	(7.0, 1.1588690771100427)	(8.0, 1.0447057030491604)	(9.0, 0.9104864527614281)	('>10', 21.378242160850554)	('>50', 1.5516521048771348)	('>100', 0.017433624142480942)	('>500', 0.0)	('>1k', 0.0)	('>5k', 0.0)	('>10k+', 0.0)
SRR33075537_1	(1.0, 2.260541910918884)	(2.0, 0.7882439819685779)	(3.0, 0.6852813165038243)	(4.0, 0.7132380667293534)	(5.0, 0.7094877709673922)	(6.0, 0.6406868905343217)	(7.0, 0.5455657525718505)	(8.0, 0.4904023112731845)	(9.0, 0.43755723462736723)	('>10', 3.2953507924374943)	('>50', 1.316353812448391)	('>100', 4.232242860971081)	('>500', 3.1297922813458245)	('>1k', 14.904152668403622)	('>5k', 6.5595400364528755)	('>10k+', 59.29156231184596)
SRR33075537_2	(1.0, 58.74139405920379)	(2.0, 8.650203368896426)	(3.0, 3.149498419768943)	(4.0, 1.96926664431171)	(5.0, 1.7458671468740972)	(6.0, 1.6200842375527218)	(7.0, 1.5407161689990627)	(8.0, 1.5056708010139908)	(9.0, 1.513168478273899)	('>10', 19.437672785749967)	('>50', 0.12645788935536717)	('>100', 0.0)	('>500', 0.0)	('>1k', 0.0)	('>5k', 0.0)	('>10k+', 0.0)
SRR33075538_1	(1.0, 2.442790883913377)	(2.0, 0.8307250825853383)	(3.0, 0.6594814641796523)	(4.0, 0.6582802228969935)	(5.0, 0.6787013247021922)	(6.0, 0.6614835329840836)	(7.0, 0.6376589142113518)	(8.0, 0.5605792652407487)	(9.0, 0.5201374753912376)	('>10', 4.186125663185292)	('>50', 1.4289432413493943)	('>100', 4.791150855884414)	('>500', 3.450632320064066)	('>1k', 18.44165637825753)	('>5k', 10.329540525209383)	('>10k+', 49.72211284994494)
SRR33075538_2	(1.0, 57.74520761366643)	(2.0, 8.59199904039712)	(3.0, 2.786143959183874)	(4.0, 1.778889242772413)	(5.0, 1.5555620467924545)	(6.0, 1.3117301443969274)	(7.0, 1.2422564898861135)	(8.0, 1.2248695013039304)	(9.0, 1.1373284980913345)	('>10', 21.601696988858727)	('>50', 0.990538671918024)	('>100', 0.033777802732674625)	('>500', 0.0)	('>1k', 0.0)	('>5k', 0.0)	('>10k+', 0.0)
SRR33075539_1	(1.0, 4.026450302488689)	(2.0, 0.8227154673317842)	(3.0, 0.5295258812077698)	(4.0, 0.5045233358990897)	(5.0, 0.49027859610491664)	(6.0, 0.5318651455714738)	(7.0, 0.5210376460722757)	(8.0, 0.5146614949784319)	(9.0, 0.49998250332965244)	('>10', 5.357595955154238)	('>50', 1.125468025289867)	('>100', 3.561472649036369)	('>500', 3.3442141327684194)	('>1k', 14.940995129944756)	('>5k', 12.28697680064934)	('>10k+', 50.94223693417293)
SRR33075539_2	(1.0, 54.93594158107632)	(2.0, 13.72609960539275)	(3.0, 4.033048660089265)	(4.0, 1.9762342673590485)	(5.0, 1.4874056109126166)	(6.0, 1.3090410703036717)	(7.0, 1.320821310840013)	(8.0, 1.3919501154636247)	(9.0, 1.432455059440768)	('>10', 18.306421909113666)	('>50', 0.08058081000832083)	('>100', 0.0)	('>500', 0.0)	('>1k', 0.0)	('>5k', 0.0)	('>10k+', 0.0)
SRR33075540_1	(1.0, 3.989312090282964)	(2.0, 0.9332337565347274)	(3.0, 0.7462285287528005)	(4.0, 0.7469587586092441)	(5.0, 0.6744668492241308)	(6.0, 0.6452576549663928)	(7.0, 0.523242884407933)	(8.0, 0.474251099493818)	(9.0, 0.3997012696041823)	('>10', 3.355074267695627)	('>50', 1.1634553149116256)	('>100', 3.6282466185378808)	('>500', 3.8663679362708487)	('>1k', 15.200199153597213)	('>5k', 11.674848560285453)	('>10k+', 51.97915525682516)
SRR33075540_2	(1.0, 57.68779142937277)	(2.0, 12.64225111807749)	(3.0, 3.521163036404155)	(4.0, 1.7736074841735867)	(5.0, 1.3420312291725407)	(6.0, 1.2095213409008867)	(7.0, 1.0324851330997526)	(8.0, 0.9818357371544906)	(9.0, 0.9119808938596372)	('>10', 18.083814637287876)	('>50', 0.7714616784790568)	('>100', 0.042056282017713977)	('>500', 0.0)	('>1k', 0.0)	('>5k', 0.0)	('>10k+', 0.0)
SRR33075541_1	(1.0, 5.646678394565847)	(2.0, 2.1801690037725874)	(3.0, 1.2644776847906773)	(4.0, 0.7484162251756642)	(5.0, 0.4766577521074628)	(6.0, 0.33251644787016604)	(7.0, 0.3060778312199388)	(8.0, 0.23591381010972023)	(9.0, 0.23794754985204544)	('>10', 4.2433979723614765)	('>50', 2.57420607884809)	('>100', 17.7375153801568)	('>500', 12.47038366500239)	('>1k', 30.283401633093014)	('>5k', 21.26224057107412)	('>10k+', 0.0)
SRR33075541_2	(1.0, 59.23432507746546)	(2.0, 5.41494411732419)	(3.0, 3.2698387859442763)	(4.0, 2.421875270200173)	(5.0, 2.091283508720463)	(6.0, 2.0375419551077223)	(7.0, 1.842160002622217)	(8.0, 1.8632948421568807)	(9.0, 1.8375637046538909)	('>10', 19.987172735804716)	('>50', 0.0)	('>100', 0.0)	('>500', 0.0)	('>1k', 0.0)	('>5k', 0.0)	('>10k+', 0.0)
SRR33075542_1	(1.0, 5.5272220615683905)	(2.0, 2.1959918329433825)	(3.0, 1.5589263650463998)	(4.0, 1.0331501879649834)	(5.0, 0.7404681160563281)	(6.0, 0.4666263571597571)	(7.0, 0.3450406162096795)	(8.0, 0.2488673904852038)	(9.0, 0.18927942374930992)	('>10', 4.162832882042115)	('>50', 2.620337022529509)	('>100', 14.19464234075554)	('>500', 12.221448162850407)	('>1k', 31.55730522183373)	('>5k', 14.9342341631834)	('>10k+', 8.003627855621861)
SRR33075542_2	(1.0, 55.130781555976135)	(2.0, 4.85214843129905)	(3.0, 2.8285148408362177)	(4.0, 1.896992714885119)	(5.0, 1.4148384677461845)	(6.0, 1.1183444902245339)	(7.0, 0.9319671099506757)	(8.0, 0.7309301110132183)	(9.0, 0.6602818040861188)	('>10', 26.878176907497743)	('>50', 3.485770132393945)	('>100', 0.07125343409106406)	('>500', 0.0)	('>1k', 0.0)	('>5k', 0.0)	('>10k+', 0.0)
SRR33075543_1	(1.0, 4.964054862217766)	(2.0, 2.245787749109205)	(3.0, 1.6759476445415316)	(4.0, 1.2489032928073913)	(5.0, 0.8840802879192108)	(6.0, 0.5398485201167434)	(7.0, 0.3854142419738939)	(8.0, 0.2936489462658239)	(9.0, 0.21956525631613816)	('>10', 4.361089724077423)	('>50', 3.29929810739673)	('>100', 16.699269458719044)	('>500', 13.295896076921698)	('>1k', 34.50106537270139)	('>5k', 12.583707855109314)	('>10k+', 2.802422603806693)
SRR33075543_2	(1.0, 63.98483553987595)	(2.0, 8.165807391805032)	(3.0, 6.672310516572355)	(4.0, 5.789960361743319)	(5.0, 4.621894514330357)	(6.0, 3.475306716937991)	(7.0, 2.5247666931279102)	(8.0, 1.6288066348893948)	(9.0, 1.1346952403088422)	('>10', 2.0016163904088455)	('>50', 0.0)	('>100', 0.0)	('>500', 0.0)	('>1k', 0.0)	('>5k', 0.0)	('>10k+', 0.0)
SRR33075544_1	(1.0, 5.4444626083020005)	(2.0, 2.0703444286558605)	(3.0, 1.210215912377551)	(4.0, 0.7011807904631364)	(5.0, 0.4929391496799668)	(6.0, 0.33047042993850834)	(7.0, 0.2728770292871245)	(8.0, 0.22534361128227054)	(9.0, 0.1991876564012927)	('>10', 4.2636721451655495)	('>50', 3.3117462872376544)	('>100', 16.11106220841769)	('>500', 12.592080278661518)	('>1k', 32.34661670208619)	('>5k', 13.577707078455289)	('>10k+', 6.850093683588396)
SRR33075544_2	(1.0, 55.278907228718346)	(2.0, 4.696908914048448)	(3.0, 2.5408979220490595)	(4.0, 1.688803168569418)	(5.0, 1.1896367194193074)	(6.0, 0.9276836381850555)	(7.0, 0.8587684154080177)	(8.0, 0.8484896550533826)	(9.0, 0.7224960118987301)	('>10', 29.16832818388661)	('>50', 2.0790801427636554)	('>100', 0.0)	('>500', 0.0)	('>1k', 0.0)	('>5k', 0.0)	('>10k+', 0.0)
SRR33075545_1	(1.0, 5.4977702418759655)	(2.0, 2.2270401816421805)	(3.0, 1.7248480565666535)	(4.0, 1.248580920462552)	(5.0, 0.9178282385851647)	(6.0, 0.6209453003639952)	(7.0, 0.42734417304511996)	(8.0, 0.3244805071262359)	(9.0, 0.252141424996289)	('>10', 4.3894769633475015)	('>50', 2.868056441209861)	('>100', 14.234282452754844)	('>500', 13.267740323602403)	('>1k', 33.94250088333128)	('>5k', 10.285948446904996)	('>10k+', 7.771015444184962)
SRR33075545_2	(1.0, 55.5886776235611)	(2.0, 5.02092851422759)	(3.0, 3.0629685560473603)	(4.0, 2.2516908037925893)	(5.0, 1.749410011688409)	(6.0, 1.4161268045770317)	(7.0, 1.158009437159507)	(8.0, 1.1165472491633859)	(9.0, 0.9796533111280413)	('>10', 27.133951124442458)	('>50', 0.5010720739598454)	('>100', 0.02096449025266959)	('>500', 0.0)	('>1k', 0.0)	('>5k', 0.0)	('>10k+', 0.0)
SRR33075546_1	(1.0, 5.9095466054852475)	(2.0, 2.4139207337848405)	(3.0, 1.636897101971483)	(4.0, 1.1000889777849678)	(5.0, 0.6777508965185909)	(6.0, 0.5103353947745773)	(7.0, 0.3483124860589214)	(8.0, 0.28825860915221085)	(9.0, 0.2581091117663929)	('>10', 4.478548510051058)	('>50', 3.609360561025769)	('>100', 14.918363495086611)	('>500', 13.761162054774037)	('>1k', 34.81678665186155)	('>5k', 9.025239786551364)	('>10k+', 6.247319023352379)
SRR33075546_2	(1.0, 56.696516399325944)	(2.0, 4.952453131692209)	(3.0, 2.893545171916435)	(4.0, 2.004266597172218)	(5.0, 1.4959455550704142)	(6.0, 1.1409092104792937)	(7.0, 0.8907505582956771)	(8.0, 0.8570544991255005)	(9.0, 0.7764014423355402)	('>10', 27.147310899182713)	('>50', 1.1448465354040327)	('>100', 0.0)	('>500', 0.0)	('>1k', 0.0)	('>5k', 0.0)	('>10k+', 0.0)
SRR33075547_1	(1.0, 3.126085114022445)	(2.0, 0.8401209531050653)	(3.0, 0.6359999257127774)	(4.0, 0.6181597366630517)	(5.0, 0.6325669555801804)	(6.0, 0.6243503385415055)	(7.0, 0.6074668788729953)	(8.0, 0.543872514121607)	(9.0, 0.5009322483646962)	('>10', 4.448791622652426)	('>50', 1.0279213028177931)	('>100', 3.465273818762814)	('>500', 2.926410064342865)	('>1k', 15.076197867393931)	('>5k', 8.692730601326927)	('>10k+', 56.23312005771892)
SRR33075547_2	(1.0, 59.92161252486519)	(2.0, 16.62106583250092)	(3.0, 6.267680718510317)	(4.0, 3.773020592181638)	(5.0, 3.0162525205272623)	(6.0, 2.307869322938055)	(7.0, 1.866886955987682)	(8.0, 1.3729798393764532)	(9.0, 1.0770562301840714)	('>10', 3.7723349099360295)	('>50', 0.0032405529923125683)	('>100', 0.0)	('>500', 0.0)	('>1k', 0.0)	('>5k', 0.0)	('>10k+', 0.0)
SRR33075548_1	(1.0, 11.081393849064176)	(2.0, 2.8232394164349794)	(3.0, 1.6117185932528877)	(4.0, 0.9752357476568546)	(5.0, 0.6932700851271174)	(6.0, 0.5363438332998939)	(7.0, 0.35738341597638223)	(8.0, 0.32101808592966263)	(9.0, 0.25796096190776463)	('>10', 5.177849752070853)	('>50', 2.770034968041503)	('>100', 10.305898707328957)	('>500', 6.764847086474248)	('>1k', 29.465053455243773)	('>5k', 11.301914643583938)	('>10k+', 15.55683739860701)
SRR33075548_2	(1.0, 61.2089276034411)	(2.0, 6.361747979778178)	(3.0, 2.6918646759454634)	(4.0, 1.865113177326013)	(5.0, 1.5096854956751513)	(6.0, 1.4563654777015613)	(7.0, 1.4379304811898446)	(8.0, 1.5406539359907954)	(9.0, 1.606184800847352)	('>10', 16.90183127878869)	('>50', 0.07195532714947349)	('>100', 0.8491092014381052)	('>500', 1.090413934909067)	('>1k', 1.4082166298192416)	('>5k', 0.0)	('>10k+', 0.0)
SRR33075549_1	(1.0, 13.892465273307298)	(2.0, 3.403287412557401)	(3.0, 1.942513196858504)	(4.0, 1.1959429495157576)	(5.0, 0.819886127920118)	(6.0, 0.5622076305737951)	(7.0, 0.4593865785445546)	(8.0, 0.35191622677138323)	(9.0, 0.3701557873052659)	('>10', 5.782655966124487)	('>50', 3.2464629558101943)	('>100', 11.355735805330243)	('>500', 7.050484242450253)	('>1k', 25.412178304221566)	('>5k', 13.028589617040756)	('>10k+', 11.126131925668426)
SRR33075549_2	(1.0, 59.639904854422156)	(2.0, 5.541747691794806)	(3.0, 2.3665985843165513)	(4.0, 1.6449053686897503)	(5.0, 1.120739215410508)	(6.0, 0.8728289745478932)	(7.0, 0.7255011612467549)	(8.0, 0.6587482399318049)	(9.0, 0.531493127814561)	('>10', 21.62004355287123)	('>50', 0.6203494548676227)	('>100', 0.8762978313514672)	('>500', 0.8397854217118226)	('>1k', 2.941056521023045)	('>5k', 0.0)	('>10k+', 0.0)
SRR33075550_1	(1.0, 8.312207742002633)	(2.0, 2.5361860935374274)	(3.0, 1.6464951342992873)	(4.0, 1.1969103358039743)	(5.0, 0.7898864793737408)	(6.0, 0.5932512099202308)	(7.0, 0.48526908179878525)	(8.0, 0.3657639038605934)	(9.0, 0.33454015597005493)	('>10', 5.529391211258392)	('>50', 3.0917086080899248)	('>100', 13.259127370588716)	('>500', 9.55651126656903)	('>1k', 26.10156639135251)	('>5k', 14.321849932720257)	('>10k+', 11.879335082854444)
SRR33075550_2	(1.0, 65.95641199052399)	(2.0, 9.49866256223353)	(3.0, 6.46274890388879)	(4.0, 5.269710837057366)	(5.0, 4.003189154548187)	(6.0, 2.8971199697743693)	(7.0, 1.755357056509245)	(8.0, 0.9968440171846912)	(9.0, 0.6084366376834565)	('>10', 0.6438726438354873)	('>50', 0.02582519279708148)	('>100', 0.9557220246155228)	('>500', 0.7297515876410597)	('>1k', 0.1963474217072224)	('>5k', 0.0)	('>10k+', 0.0)
SRR33075551_1	(1.0, 11.028940692873146)	(2.0, 2.65891458514637)	(3.0, 1.4331475549465809)	(4.0, 0.9302497824356102)	(5.0, 0.6147351269279908)	(6.0, 0.46660618068028215)	(7.0, 0.394022997018905)	(8.0, 0.3347714185198215)	(9.0, 0.31329272131390373)	('>10', 5.688151535912011)	('>50', 3.1660710648619625)	('>100', 13.021089858722018)	('>500', 8.64758272075842)	('>1k', 27.718814227785288)	('>5k', 7.805654822523006)	('>10k+', 15.777954709574685)
SRR33075551_2	(1.0, 59.531661715589536)	(2.0, 5.660661444676188)	(3.0, 2.120570167175174)	(4.0, 1.3069211083988488)	(5.0, 0.9427948393616283)	(6.0, 0.7833182544596118)	(7.0, 0.6724368687534469)	(8.0, 0.5546776006037097)	(9.0, 0.5916858784793084)	('>10', 23.948285606727243)	('>50', 0.6597754033901555)	('>100', 0.8427760683123257)	('>500', 1.0536572026347037)	('>1k', 1.3307778414381128)	('>5k', 0.0)	('>10k+', 0.0)
SRR33075552_1	(1.0, 9.473828877455794)	(2.0, 2.7411349797285465)	(3.0, 1.8600083790152218)	(4.0, 1.3397557672229772)	(5.0, 0.9753351051921078)	(6.0, 0.6743112249987254)	(7.0, 0.5073959217692579)	(8.0, 0.4380141290590011)	(9.0, 0.37905068860875096)	('>10', 5.730315410072995)	('>50', 3.1855774537990413)	('>100', 12.490939358539835)	('>500', 6.335244842361464)	('>1k', 30.677392397262853)	('>5k', 15.200154280280277)	('>10k+', 7.991541184633152)
SRR33075552_2	(1.0, 62.40420727111958)	(2.0, 6.537817899236035)	(3.0, 3.0431230790452513)	(4.0, 2.1663130380162747)	(5.0, 1.6445465592203408)	(6.0, 1.367307557912381)	(7.0, 1.2640746154645257)	(8.0, 1.1364303502646138)	(9.0, 1.1653141896271848)	('>10', 17.65346077769409)	('>50', 0.1457080802495488)	('>100', 0.9138235156391455)	('>500', 0.557873066511004)	('>1k', 0.0)	('>5k', 0.0)	('>10k+', 0.0)
SRR33075553_1	(1.0, 14.261354531222297)	(2.0, 4.202607001777868)	(3.0, 2.3519953514209444)	(4.0, 1.4714128166380736)	(5.0, 0.9933141083987084)	(6.0, 0.6951115950255886)	(7.0, 0.5474967713592988)	(8.0, 0.3730762707585832)	(9.0, 0.295780448913424)	('>10', 5.936355837813617)	('>50', 3.255971744897989)	('>100', 11.955515513280837)	('>500', 6.675531559306755)	('>1k', 29.589244523486236)	('>5k', 9.528500147553617)	('>10k+', 7.8667317781461685)
SRR33075553_2	(1.0, 60.544927588491916)	(2.0, 5.130936792082058)	(3.0, 2.201748875456045)	(4.0, 1.5570363655434785)	(5.0, 1.2252845239560002)	(6.0, 0.8389119916094468)	(7.0, 0.7315408603166772)	(8.0, 0.6035371786648147)	(9.0, 0.5750697693315282)	('>10', 18.98284524806611)	('>50', 0.29388211887855326)	('>100', 0.87784381535627)	('>500', 1.2675137597965946)	('>1k', 5.168921112450513)	('>5k', 0.0)	('>10k+', 0.0)
SRR33075554_1	(1.0, 4.997230124095116)	(2.0, 2.222445578366451)	(3.0, 1.7622020630316233)	(4.0, 1.2631569105482017)	(5.0, 0.9197857962633557)	(6.0, 0.6156838087313034)	(7.0, 0.420506898977834)	(8.0, 0.29545342985435363)	(9.0, 0.18302218004427126)	('>10', 3.3208124034341786)	('>50', 2.8463104551712535)	('>100', 15.610646608246048)	('>500', 10.436939158565462)	('>1k', 36.645341349221745)	('>5k', 11.84712154963454)	('>10k+', 6.6133416858142615)
SRR33075554_2	(1.0, 65.07852672751787)	(2.0, 8.11625580612058)	(3.0, 6.083253459689694)	(4.0, 5.5359702610538655)	(5.0, 4.743257718997099)	(6.0, 3.662090724124457)	(7.0, 2.6178748623711363)	(8.0, 1.805278549655493)	(9.0, 0.9709193554490413)	('>10', 1.3648450537962946)	('>50', 0.02172748122447621)	('>100', 0.0)	('>500', 0.0)	('>1k', 0.0)	('>5k', 0.0)	('>10k+', 0.0)
SRR33075555_1	(1.0, 4.349500925787984)	(2.0, 2.0111945857364804)	(3.0, 1.5291463596313872)	(4.0, 1.126268968012429)	(5.0, 0.7906442207419073)	(6.0, 0.5069487304999255)	(7.0, 0.40372869091450825)	(8.0, 0.3439249154021325)	(9.0, 0.2145274224785579)	('>10', 2.7980079596484133)	('>50', 2.289143805733501)	('>100', 12.286164258199078)	('>500', 7.195181645987188)	('>1k', 37.99646710792347)	('>5k', 12.061846893821695)	('>10k+', 14.097303509481346)
SRR33075555_2	(1.0, 63.26251818593926)	(2.0, 5.579303970641104)	(3.0, 3.2675820112906657)	(4.0, 2.499556994430927)	(5.0, 2.0804636534706)	(6.0, 1.9532210956675777)	(7.0, 1.9604533633095227)	(8.0, 1.9933288137007485)	(9.0, 2.00048003790858)	('>10', 15.375958786276609)	('>50', 0.0)	('>100', 0.02713308736443351)	('>500', 0.0)	('>1k', 0.0)	('>5k', 0.0)	('>10k+', 0.0)
SRR33075556_1	(1.0, 4.358620584368124)	(2.0, 1.9678675773206695)	(3.0, 1.705472511492904)	(4.0, 1.4251391648012763)	(5.0, 1.062938557571386)	(6.0, 0.780887715903431)	(7.0, 0.5944440945843568)	(8.0, 0.404565483312628)	(9.0, 0.28510416607031425)	('>10', 3.256752140666655)	('>50', 2.3459073048878)	('>100', 14.328678921947485)	('>500', 9.240122972640306)	('>1k', 37.494632828198974)	('>5k', 11.381839208120317)	('>10k+', 9.36702676811337)
SRR33075556_2	(1.0, 65.21950712906583)	(2.0, 11.350643846660338)	(3.0, 8.321568588876465)	(4.0, 6.148396161858651)	(5.0, 3.835783385892613)	(6.0, 2.4216993272163725)	(7.0, 1.275919261893437)	(8.0, 0.6261505276422502)	(9.0, 0.307900599719888)	('>10', 0.46643156389934376)	('>50', 0.0)	('>100', 0.02599960727480967)	('>500', 0.0)	('>1k', 0.0)	('>5k', 0.0)	('>10k+', 0.0)
SRR33075557_1	(1.0, 4.632063273091441)	(2.0, 1.9184632988318289)	(3.0, 1.3212058567426745)	(4.0, 0.8582810649281178)	(5.0, 0.5701093765396472)	(6.0, 0.36438736870893856)	(7.0, 0.3026506566815411)	(8.0, 0.1930529105742721)	(9.0, 0.19365620091981667)	('>10', 3.299797093347115)	('>50', 2.2187007941311916)	('>100', 13.641400196672654)	('>500', 10.647873502080346)	('>1k', 38.269320876058025)	('>5k', 12.589462930824718)	('>10k+', 8.979574599867677)
SRR33075557_2	(1.0, 62.677041342123474)	(2.0, 5.956651197764354)	(3.0, 2.9158903180274747)	(4.0, 1.9986458060933774)	(5.0, 1.665860875673322)	(6.0, 1.4411595474675416)	(7.0, 1.3547275521455904)	(8.0, 1.5739334476676345)	(9.0, 1.6325639310688915)	('>10', 18.528654313592828)	('>50', 0.05597181736873984)	('>100', 0.0711641677973978)	('>500', 0.12773568320937415)	('>1k', 0.0)	('>5k', 0.0)	('>10k+', 0.0)
SRR33075558_1	(1.0, 7.423008528798331)	(2.0, 1.1286077096146068)	(3.0, 0.730498074716797)	(4.0, 0.7149262767737747)	(5.0, 0.7248640691157002)	(6.0, 0.6713311816739367)	(7.0, 0.6492283705636314)	(8.0, 0.5656467790841716)	(9.0, 0.48601668641830326)	('>10', 3.9240902036304517)	('>50', 1.093870443517164)	('>100', 3.808616375572349)	('>500', 4.116860798225407)	('>1k', 16.93263775736427)	('>5k', 11.410160845703905)	('>10k+', 45.619635899227205)
SRR33075558_2	(1.0, 60.70112431417554)	(2.0, 9.987863393802833)	(3.0, 2.7398187891462853)	(4.0, 1.552600618004063)	(5.0, 1.313648737300233)	(6.0, 1.1182318955661255)	(7.0, 1.1031196932459466)	(8.0, 1.041927243692407)	(9.0, 0.8986458086378349)	('>10', 18.93709646562177)	('>50', 0.5824858143599785)	('>100', 0.023437226447051318)	('>500', 0.0)	('>1k', 0.0)	('>5k', 0.0)	('>10k+', 0.0)
SRR33075559_1	(1.0, 4.55190447568827)	(2.0, 2.027888108826002)	(3.0, 1.744917370478923)	(4.0, 1.560676568577029)	(5.0, 1.285761201613553)	(6.0, 0.9554909748858306)	(7.0, 0.650626150214087)	(8.0, 0.44449126198752864)	(9.0, 0.33274880253806166)	('>10', 3.127136480711516)	('>50', 2.288138568911637)	('>100', 11.968009848207886)	('>500', 9.916368721199467)	('>1k', 39.49817101759995)	('>5k', 11.230220448663532)	('>10k+', 8.417449999896725)
SRR33075559_2	(1.0, 61.25099495474399)	(2.0, 6.221354870421101)	(3.0, 4.003048219797041)	(4.0, 3.490670189473054)	(5.0, 3.487187626863707)	(6.0, 3.4864073944977703)	(7.0, 3.2509111499819077)	(8.0, 3.049763647094357)	(9.0, 2.73535376941153)	('>10', 8.945816196931437)	('>50', 0.02719407208268591)	('>100', 0.05129790870143024)	('>500', 0.0)	('>1k', 0.0)	('>5k', 0.0)	('>10k+', 0.0)
SRR33075560_1	(1.0, 4.863255841666749)	(2.0, 2.1877079216278217)	(3.0, 1.394998957288553)	(4.0, 0.9046763125751001)	(5.0, 0.5474235096674247)	(6.0, 0.3470739530680543)	(7.0, 0.27458068103953365)	(8.0, 0.1886811189783414)	(9.0, 0.1720473887526192)	('>10', 3.556142563481266)	('>50', 2.576738597205533)	('>100', 14.060467333339954)	('>500', 11.848926007209606)	('>1k', 42.70772301611734)	('>5k', 11.508306934527651)	('>10k+', 2.8612498634544536)
SRR33075560_2	(1.0, 65.45944546325515)	(2.0, 6.346989694076337)	(3.0, 3.8846145793799365)	(4.0, 3.206549798823293)	(5.0, 3.230253664329954)	(6.0, 2.9535719022972393)	(7.0, 2.928858490156384)	(8.0, 2.72607220608087)	(9.0, 2.184348486980185)	('>10', 6.766215184813429)	('>50', 0.0381141514547913)	('>100', 0.1467642325499431)	('>500', 0.12820214580247982)	('>1k', 0.0)	('>5k', 0.0)	('>10k+', 0.0)
SRR33075561_1	(1.0, 7.314779853260185)	(2.0, 3.0369662913029636)	(3.0, 2.0693127216459732)	(4.0, 1.3770739399862293)	(5.0, 1.0155303338787336)	(6.0, 0.6692875493266405)	(7.0, 0.6236318721048748)	(8.0, 0.46790899466198754)	(9.0, 0.3909113119960909)	('>10', 7.126974608039842)	('>50', 4.616652723176055)	('>100', 18.112224122485546)	('>500', 11.108643236666692)	('>1k', 29.75146036470249)	('>5k', 5.714363276053967)	('>10k+', 6.604278800711735)
SRR33075561_2	(1.0, 60.79587810256864)	(2.0, 11.186424584585819)	(3.0, 6.532704349635217)	(4.0, 5.297251960671295)	(5.0, 4.276769406013166)	(6.0, 3.386412857554976)	(7.0, 2.40467854741935)	(8.0, 1.8295999981695705)	(9.0, 1.3713261637156897)	('>10', 2.8481480557422127)	('>50', 0.0)	('>100', 0.07080597392403765)	('>500', 0.0)	('>1k', 0.0)	('>5k', 0.0)	('>10k+', 0.0)
SRR33075562_1	(1.0, 8.07613052878119)	(2.0, 3.2131114314025764)	(3.0, 2.143387983064589)	(4.0, 1.4086568777587605)	(5.0, 0.9008197459688316)	(6.0, 0.7583776236375102)	(7.0, 0.5537226376002162)	(8.0, 0.4436537248896496)	(9.0, 0.48644266282316906)	('>10', 7.7346635438248805)	('>50', 4.4939645077020085)	('>100', 18.944520763895145)	('>500', 10.173069993694261)	('>1k', 31.91294703179894)	('>5k', 5.864899558598324)	('>10k+', 2.8916313845599495)
SRR33075562_2	(1.0, 58.99657144255443)	(2.0, 8.83195089741154)	(3.0, 4.199157304297469)	(4.0, 3.295828917684779)	(5.0, 2.6930657311770894)	(6.0, 2.778920315702586)	(7.0, 2.4250922455312596)	(8.0, 2.0879919309744785)	(9.0, 2.250244159335973)	('>10', 12.31260840483662)	('>50', 0.015784097716866955)	('>100', 0.1127845527768857)	('>500', 0.0)	('>1k', 0.0)	('>5k', 0.0)	('>10k+', 0.0)
SRR33075563_1	(1.0, 5.917075635722055)	(2.0, 2.4817355704583024)	(3.0, 1.9414681774968523)	(4.0, 1.4539599338797675)	(5.0, 1.1219884032649006)	(6.0, 0.8530537783601839)	(7.0, 0.639105150012419)	(8.0, 0.48373973294963046)	(9.0, 0.4609573730054729)	('>10', 6.910934676293498)	('>50', 4.078898909701346)	('>100', 14.529664174310748)	('>500', 11.827813321685209)	('>1k', 29.046481153164265)	('>5k', 7.325128257834648)	('>10k+', 10.927995751860701)
SRR33075563_2	(1.0, 65.0965460888454)	(2.0, 14.25519743518963)	(3.0, 7.6082100729017235)	(4.0, 5.0902643058807655)	(5.0, 3.291627756071916)	(6.0, 2.0197291912066198)	(7.0, 1.1925737177280464)	(8.0, 0.6463093981964094)	(9.0, 0.30823738997324834)	('>10', 0.4410972990964114)	('>50', 0.0)	('>100', 0.050207344909825966)	('>500', 0.0)	('>1k', 0.0)	('>5k', 0.0)	('>10k+', 0.0)
SRR33075564_1	(1.0, 7.749554275643704)	(2.0, 2.6234388233333563)	(3.0, 1.7032263366594298)	(4.0, 1.1222437570054629)	(5.0, 0.8138321793581113)	(6.0, 0.5944513310094031)	(7.0, 0.5337278079493026)	(8.0, 0.4711780135189738)	(9.0, 0.40269283713540205)	('>10', 7.542044191201482)	('>50', 4.484181065675001)	('>100', 16.46817379711495)	('>500', 12.665191952535206)	('>1k', 31.839443352486352)	('>5k', 5.595010626616535)	('>10k+', 5.391609652757327)
SRR33075564_2	(1.0, 58.78602492389838)	(2.0, 7.494917311882955)	(3.0, 3.204664807972632)	(4.0, 2.310624888836961)	(5.0, 1.8749892308871186)	(6.0, 1.861568727328396)	(7.0, 1.804212409005268)	(8.0, 1.8252289534823247)	(9.0, 1.7758493629792367)	('>10', 18.659519214765762)	('>50', 0.026734490034059984)	('>100', 0.039871265309417044)	('>500', 0.3357944136174603)	('>1k', 0.0)	('>5k', 0.0)	('>10k+', 0.0)
SRR33075565_1	(1.0, 7.6868453335849765)	(2.0, 3.139095970557705)	(3.0, 2.346182881947721)	(4.0, 1.8250448240067945)	(5.0, 1.290459564027555)	(6.0, 0.9625365669529111)	(7.0, 0.6952439369632915)	(8.0, 0.5643106539586675)	(9.0, 0.5117014249315844)	('>10', 7.895866754741908)	('>50', 4.170991790129282)	('>100', 17.39784844767387)	('>500', 9.42955553458526)	('>1k', 29.312305369444182)	('>5k', 3.4641879777295457)	('>10k+', 9.307822968764745)
SRR33075565_2	(1.0, 56.79569391182234)	(2.0, 9.391258426273378)	(3.0, 4.825433573244794)	(4.0, 4.0046722843388745)	(5.0, 3.7929184032290792)	(6.0, 3.251219068708179)	(7.0, 2.913083023143563)	(8.0, 2.5552924913346553)	(9.0, 2.120390985223701)	('>10', 10.218349130248326)	('>50', 0.012541781184103625)	('>100', 0.11914692124898445)	('>500', 0.0)	('>1k', 0.0)	('>5k', 0.0)	('>10k+', 0.0)
SRR33075566_1	(1.0, 7.645002194250772)	(2.0, 2.9382616302556666)	(3.0, 1.8989714631147898)	(4.0, 1.2497057378931122)	(5.0, 0.9198415489376048)	(6.0, 0.7062290565302937)	(7.0, 0.5431860521214481)	(8.0, 0.48128202370953355)	(9.0, 0.4943603395712056)	('>10', 7.804557647763172)	('>50', 4.693952877374804)	('>100', 19.60061729650867)	('>500', 10.021477500937278)	('>1k', 30.912197999889564)	('>5k', 10.090356631142086)	('>10k+', 0.0)
SRR33075566_2	(1.0, 61.1359389842154)	(2.0, 9.454121507558586)	(3.0, 4.700425008024116)	(4.0, 3.8850459920596254)	(5.0, 3.491032209244057)	(6.0, 3.1709722045723865)	(7.0, 2.6437268012108084)	(8.0, 2.365455315468511)	(9.0, 2.027579091212001)	('>10', 6.9954362140467925)	('>50', 0.019540000858158234)	('>100', 0.11072667152956332)	('>500', 0.0)	('>1k', 0.0)	('>5k', 0.0)	('>10k+', 0.0)
SRR33075567_1	(1.0, 2.3609349953345937)	(2.0, 0.7243475741214813)	(3.0, 0.5346476222376406)	(4.0, 0.5167835012082207)	(5.0, 0.506947601236665)	(6.0, 0.5155074925632621)	(7.0, 0.5333184465658088)	(8.0, 0.5325209411627096)	(9.0, 0.5215685336268153)	('>10', 5.177351909892523)	('>50', 1.3233272988757832)	('>100', 4.652433853572691)	('>500', 2.792491752464956)	('>1k', 15.02048259710293)	('>5k', 7.756378049461285)	('>10k+', 56.53095783057264)
SRR33075567_2	(1.0, 57.583405678795465)	(2.0, 9.459633397068494)	(3.0, 3.185412252091076)	(4.0, 1.8082304505275635)	(5.0, 1.5077270728297285)	(6.0, 1.3936292131299688)	(7.0, 1.3744983034061)	(8.0, 1.4024816433237952)	(9.0, 1.3725192842050922)	('>10', 20.611674179828128)	('>50', 0.2952649128752659)	('>100', 0.005523611919342795)	('>500', 0.0)	('>1k', 0.0)	('>5k', 0.0)	('>10k+', 0.0)
SRR33075568_1	(1.0, 2.1950097442166414)	(2.0, 0.7308628117357744)	(3.0, 0.6399705966167484)	(4.0, 0.6168750337586352)	(5.0, 0.620848463927773)	(6.0, 0.5963870344490186)	(7.0, 0.519339740075582)	(8.0, 0.4524743605105609)	(9.0, 0.3609612969276072)	('>10', 3.21233203720869)	('>50', 1.3960398559879903)	('>100', 4.699512447701277)	('>500', 2.7605406100084497)	('>1k', 12.207308752287052)	('>5k', 8.734841208692623)	('>10k+', 60.256696005895584)
SRR33075568_2	(1.0, 57.52500892042601)	(2.0, 8.886844988673543)	(3.0, 2.9114452305886136)	(4.0, 1.825813567859317)	(5.0, 1.4948413699943826)	(6.0, 1.2998601599363806)	(7.0, 1.0715909263810264)	(8.0, 0.928859269576068)	(9.0, 0.8038628128216074)	('>10', 20.307024372541484)	('>50', 2.794416369808788)	('>100', 0.1504320113927217)	('>500', 0.0)	('>1k', 0.0)	('>5k', 0.0)	('>10k+', 0.0)
SRR33075569_1	(1.0, 3.8641230101442674)	(2.0, 0.9248368229484584)	(3.0, 0.7619342899497147)	(4.0, 0.7425565104494676)	(5.0, 0.6959852470505404)	(6.0, 0.647217835308252)	(7.0, 0.5792018292623848)	(8.0, 0.5115733788065225)	(9.0, 0.47320537539603336)	('>10', 3.52339705393159)	('>50', 1.1599538808847893)	('>100', 4.058934286720085)	('>500', 4.18986348354342)	('>1k', 17.50233340761482)	('>5k', 13.396957042692478)	('>10k+', 46.967926545297175)
SRR33075569_2	(1.0, 57.462985997872686)	(2.0, 12.592397860081087)	(3.0, 3.8144449706579326)	(4.0, 2.0740393484125974)	(5.0, 1.7003722879901575)	(6.0, 1.5787418205084083)	(7.0, 1.6359722002675492)	(8.0, 1.6578466330688026)	(9.0, 1.564683455005237)	('>10', 15.898130247313578)	('>50', 0.020385178821995736)	('>100', 0.0)	('>500', 0.0)	('>1k', 0.0)	('>5k', 0.0)	('>10k+', 0.0)
SRR33075570_1	(1.0, 3.4988426539940303)	(2.0, 0.863779397845019)	(3.0, 0.6429762080933248)	(4.0, 0.5975200127322022)	(5.0, 0.626837583450371)	(6.0, 0.6201922674209193)	(7.0, 0.6180143907389982)	(8.0, 0.5553027108980391)	(9.0, 0.5241981644408581)	('>10', 4.479668962744348)	('>50', 1.1048535936361328)	('>100', 3.909902916958679)	('>500', 3.972893811758859)	('>1k', 16.407843706634427)	('>5k', 13.116904511276095)	('>10k+', 48.4602691073777)
SRR33075570_2	(1.0, 57.58941794784105)	(2.0, 13.52286772788319)	(3.0, 3.79100405144907)	(4.0, 1.846175411113798)	(5.0, 1.2807910367084334)	(6.0, 1.1408514137817083)	(7.0, 1.1114284213363748)	(8.0, 1.1593617190995578)	(9.0, 1.0713158806038006)	('>10', 17.283294420051796)	('>50', 0.20349197013121725)	('>100', 0.0)	('>500', 0.0)	('>1k', 0.0)	('>5k', 0.0)	('>10k+', 0.0)
