Sample	fastqc-percent_duplicates	fastqc-percent_gc	fastqc-avg_sequence_length	fastqc-median_sequence_length	fastqc-percent_fails	fastqc-total_sequences
SRR33022240_1	96.80452572951548	56.0	301.0	301	18.181818181818183	0.468256
SRR33022240_2	96.79833253604866	51.0	301.0	301	36.36363636363637	0.468256
SRR33022241_1	96.56409843240665	55.0	301.0	301	18.181818181818183	0.45923899999999995
SRR33022241_2	96.54384753908096	52.0	301.0	301	45.45454545454545	0.45923899999999995
SRR33022242_1	97.55537472155304	58.0	301.0	301	27.27272727272727	0.6832539999999999
SRR33022242_2	96.93525394655575	56.0	301.0	301	36.36363636363637	0.6832539999999999
SRR33022243_1	97.5144089003413	58.0	301.0	301	27.27272727272727	0.6721539999999999
SRR33022243_2	97.00485305450835	56.0	301.0	301	36.36363636363637	0.6721539999999999
SRR33022244_1	97.61978309107964	58.0	301.0	301	36.36363636363637	0.705734
SRR33022244_2	97.0317428379531	56.0	301.0	301	36.36363636363637	0.705734
SRR33022245_1	98.21476271722935	58.0	301.0	301	36.36363636363637	0.6476449999999999
SRR33022245_2	96.94771055130511	56.0	301.0	301	36.36363636363637	0.6476449999999999
SRR33022246_1	97.00210253922045	57.0	301.0	301	36.36363636363637	0.463725
SRR33022246_2	96.94646611677179	55.0	301.0	301	36.36363636363637	0.463725
SRR33022247_1	95.81694582144398	59.0	301.0	301	27.27272727272727	0.433511
SRR33022247_2	97.0531312930929	57.0	301.0	301	36.36363636363637	0.433511
SRR33022248_1	97.00676910594719	59.0	301.0	301	18.181818181818183	1.853716
SRR33022248_2	97.62353024950963	57.0	301.0	301	45.45454545454545	1.853716
SRR33022249_1	98.67168430434049	59.0	301.0	301	18.181818181818183	12.453781
SRR33022249_2	98.29943711601759	58.0	301.0	301	45.45454545454545	12.453781
SRR33022250_1	96.20169507362107	59.0	301.0	301	45.45454545454545	0.438801
SRR33022250_2	97.47448159872015	57.0	301.0	301	45.45454545454545	0.438801
SRR33022251_1	98.06505671098483	58.0	301.0	301	36.36363636363637	0.7208479999999999
SRR33022251_2	96.76727964841409	56.0	301.0	301	36.36363636363637	0.7208479999999999
SRR33022252_1	95.70853211643504	58.0	301.0	301	27.27272727272727	0.5785199999999999
SRR33022252_2	97.12144783239992	57.0	301.0	301	36.36363636363637	0.5785199999999999
SRR33022253_1	96.09395463894276	59.0	301.0	301	27.27272727272727	0.851347
SRR33022253_2	97.27866545603614	57.0	301.0	301	45.45454545454545	0.851347
SRR33022254_1	95.79202848554009	59.0	301.0	301	27.27272727272727	0.531919
SRR33022254_2	97.06947862362503	57.0	301.0	301	45.45454545454545	0.531919
SRR33022255_1	96.03809921310925	59.0	301.0	301	18.181818181818183	0.440849
SRR33022255_2	96.8993918552611	57.0	301.0	301	45.45454545454545	0.440849
SRR33022256_1	96.63087851468015	55.0	301.0	301	18.181818181818183	0.418388
SRR33022256_2	96.8063137566087	51.0	301.0	301	36.36363636363637	0.418388
SRR33022257_1	96.6147737325346	56.0	301.0	301	27.27272727272727	0.49512199999999995
SRR33022257_2	96.82078356445481	52.0	301.0	301	36.36363636363637	0.49512199999999995
SRR33022258_1	96.62631670732826	55.0	301.0	301	27.27272727272727	0.556217
SRR33022258_2	97.2255432681849	51.0	301.0	301	36.36363636363637	0.556217
SRR33022259_1	96.73323694198446	55.0	301.0	301	27.27272727272727	0.46477199999999996
SRR33022259_2	96.81951580559931	51.0	301.0	301	36.36363636363637	0.46477199999999996
SRR33022260_1	96.72583293435511	55.0	301.0	301	18.181818181818183	0.340453
SRR33022260_2	96.50406957788593	51.0	301.0	301	45.45454545454545	0.340453
SRR33022261_1	96.76759792651164	55.0	301.0	301	18.181818181818183	0.353607
SRR33022261_2	96.49299929017242	52.0	301.0	301	45.45454545454545	0.353607
SRR33022262_1	97.44132049354786	58.0	301.0	301	27.27272727272727	0.67187
SRR33022262_2	96.5323648920178	55.0	301.0	301	36.36363636363637	0.67187
SRR33022263_1	97.98780840122494	58.0	301.0	301	36.36363636363637	0.761508
SRR33022263_2	97.12951144308398	56.0	301.0	301	36.36363636363637	0.761508
SRR33075535_1	96.7013667561487	56.0	301.0	301	36.36363636363637	1.647258
SRR33075535_2	25.732356198847413	53.0	301.0	301	27.27272727272727	1.647258
SRR33075536_1	96.15314324158825	56.0	301.0	301	36.36363636363637	1.373407
SRR33075536_2	34.24365593414916	53.0	301.0	301	27.27272727272727	1.373407
SRR33075537_1	96.25993231738957	56.0	301.0	301	36.36363636363637	1.466551
SRR33075537_2	33.00711857052654	53.0	301.0	301	27.27272727272727	1.466551
SRR33075538_1	95.99005639160465	56.0	301.0	301	36.36363636363637	1.4984499999999998
SRR33075538_2	34.4434340319462	53.0	301.0	301	27.27272727272727	1.4984499999999998
SRR33075539_1	94.50938638445729	55.0	301.0	301	36.36363636363637	2.1188849999999997
SRR33075539_2	34.17713354200292	52.0	301.0	301	27.27272727272727	2.1188849999999997
SRR33075540_1	94.44792963239566	55.0	301.0	301	36.36363636363637	1.506375
SRR33075540_2	32.59547544979898	53.0	301.0	301	27.27272727272727	1.506375
SRR33075541_1	92.06028004596251	57.0	301.0	301	36.36363636363637	0.393364
SRR33075541_2	33.55107512142335	55.0	301.0	301	27.27272727272727	0.393364
SRR33075542_1	91.9411656457846	57.0	301.0	301	36.36363636363637	0.456468
SRR33075542_2	39.093497996571955	55.0	301.0	301	27.27272727272727	0.456468
SRR33075543_1	92.30783004171964	57.0	301.0	301	36.36363636363637	0.44679199999999997
SRR33075543_2	25.89040721418023	55.0	301.0	301	27.27272727272727	0.44679199999999997
SRR33075544_1	92.34762270035084	57.0	301.0	301	36.36363636363637	0.397615
SRR33075544_2	39.11705431269677	55.0	301.0	301	27.27272727272727	0.397615
SRR33075545_1	91.73787327279987	57.0	301.0	301	36.36363636363637	0.478303
SRR33075545_2	38.002635586814314	55.0	301.0	301	27.27272727272727	0.478303
SRR33075546_1	91.35959526138143	57.0	301.0	301	36.36363636363637	0.40796699999999997
SRR33075546_2	37.31492058205396	55.0	301.0	301	27.27272727272727	0.40796699999999997
SRR33075547_1	95.33161084525915	55.0	301.0	301	36.36363636363637	1.7768869999999999
SRR33075547_2	26.89500187462535	52.0	301.0	301	27.27272727272727	1.7768869999999999
SRR33075548_1	86.00955888675514	55.0	301.0	301	45.45454545454545	0.5582239999999999
SRR33075548_2	31.94756641358633	54.0	301.0	301	36.36363636363637	0.5582239999999999
SRR33075549_1	82.64863453642906	54.0	301.0	301	45.45454545454545	0.5592239999999999
SRR33075549_2	34.79455906248582	53.0	301.0	301	36.36363636363637	0.5592239999999999
SRR33075550_1	88.76446886174571	56.0	301.0	301	36.36363636363637	0.538052
SRR33075550_2	24.03547950276497	55.0	301.0	301	27.27272727272727	0.538052
SRR33075551_1	86.18864221304645	55.0	301.0	301	45.45454545454545	0.5400699999999999
SRR33075551_2	34.98425918410129	54.0	301.0	301	36.36363636363637	0.5400699999999999
SRR33075552_1	87.31465862162983	55.0	301.0	301	36.36363636363637	0.451127
SRR33075552_2	30.632995548901818	54.0	301.0	301	27.27272727272727	0.451127
SRR33075553_1	81.603282729748	53.0	301.0	301	54.54545454545454	0.556319
SRR33075553_2	34.20153502407045	52.0	301.0	301	36.36363636363637	0.556319
SRR33075554_1	92.28338284827392	54.0	301.0	301	36.36363636363637	0.427817
SRR33075554_2	25.062975913056988	49.0	301.0	301	18.181818181818183	0.427817
SRR33075555_1	93.2328090748505	54.0	301.0	301	36.36363636363637	0.46986999999999995
SRR33075555_2	29.60295689537932	49.0	301.0	301	18.181818181818183	0.46986999999999995
SRR33075556_1	92.93556149681595	54.0	301.0	301	36.36363636363637	0.524019
SRR33075556_2	23.28810536880401	49.0	301.0	301	18.181818181818183	0.524019
SRR33075557_1	93.20514083813117	54.0	301.0	301	36.36363636363637	0.49727299999999997
SRR33075557_2	30.432961100302975	49.0	301.0	301	18.181818181818183	0.49727299999999997
SRR33075558_1	90.83092374462774	55.0	301.0	301	36.36363636363637	1.4897939999999998
SRR33075558_2	31.17713613896747	52.0	301.0	301	27.27272727272727	1.4897939999999998
SRR33075559_1	92.58616665530653	54.0	301.0	301	36.36363636363637	0.484149
SRR33075559_2	30.262000569147148	49.0	301.0	301	18.181818181818183	0.484149
SRR33075560_1	92.79858787078322	54.0	301.0	301	36.36363636363637	0.402796
SRR33075560_2	26.556883368030952	49.0	301.0	301	18.181818181818183	0.402796
SRR33075561_1	89.10310039066452	52.0	301.0	301	36.36363636363637	0.405207
SRR33075561_2	27.71916498503731	49.0	301.0	301	18.181818181818183	0.405207
SRR33075562_1	88.19672777227277	52.0	301.0	301	36.36363636363637	0.355232
SRR33075562_2	31.583239478283232	50.0	301.0	301	18.181818181818183	0.355232
SRR33075563_1	90.77674143734423	52.0	301.0	301	36.36363636363637	0.583785
SRR33075563_2	22.647021368358338	49.0	301.0	301	18.181818181818183	0.583785
SRR33075564_1	89.10629127658652	52.0	301.0	301	36.36363636363637	0.43805099999999997
SRR33075564_2	33.215372398605155	49.0	301.0	301	27.27272727272727	0.43805099999999997
SRR33075565_1	88.3113145229782	52.0	301.0	301	36.36363636363637	0.42388
SRR33075565_2	32.84789212763009	49.0	301.0	301	18.181818181818183	0.42388
SRR33075566_1	88.88517529302693	53.0	301.0	301	36.36363636363637	0.34408099999999997
SRR33075566_2	28.901832506330237	50.0	301.0	301	18.181818181818183	0.34408099999999997
SRR33075567_1	96.21328484500482	56.0	301.0	301	36.36363636363637	1.880865
SRR33075567_2	33.86614466485631	53.0	301.0	301	27.27272727272727	1.880865
SRR33075568_1	96.44179328353715	56.0	301.0	301	36.36363636363637	1.6106989999999999
SRR33075568_2	34.7934570926714	53.0	301.0	301	27.27272727272727	1.6106989999999999
SRR33075569_1	94.52861936550691	55.0	301.0	301	36.36363636363637	1.548165
SRR33075569_2	32.18413850979084	52.0	301.0	301	27.27272727272727	1.548165
SRR33075570_1	94.94609755212245	55.0	301.0	301	36.36363636363637	1.790735
SRR33075570_2	32.05604110536706	52.0	301.0	301	27.27272727272727	1.790735
