Sample	0	1	2	3	4	5	6	7	8	9	10	11	12	13	14	15
ERR4588253_1.pr	(1.0, 2.7483754013488393)	(2.0, 1.3457668259259827)	(3.0, 0.9862811669457546)	(4.0, 0.8172921819550489)	(5.0, 0.698999892461555)	(6.0, 0.7558416419584286)	(7.0, 0.49467684697279274)	(8.0, 0.4055735639776935)	(9.0, 0.34565928748098873)	('>10', 5.60889803819151)	('>50', 0.857235032952852)	('>100', 13.443841887760588)	('>500', 12.809365062295486)	('>1k', 26.363817922049993)	('>5k', 32.31837524772249)	('>10k+', 0.0)
ERR4588253_2.pr	(1.0, 3.7192939332954387)	(2.0, 1.5577711889143226)	(3.0, 1.1706327869356152)	(4.0, 1.0569492879418678)	(5.0, 0.8987141474505708)	(6.0, 0.7281888989599496)	(7.0, 0.5484460694698354)	(8.0, 0.5530548599695819)	(9.0, 0.5115757454718634)	('>10', 5.3892123577035935)	('>50', 1.5516261349146605)	('>100', 13.004470526784754)	('>500', 10.892108214400933)	('>1k', 27.88471878696634)	('>5k', 30.533237060820674)	('>10k+', 0.0)
ERR4588254_1.pr	(1.0, 3.1050363987520426)	(2.0, 1.2734257274444467)	(3.0, 0.7640554364666681)	(4.0, 0.6112443491733345)	(5.0, 0.6048772205361123)	(6.0, 0.6621813782711123)	(7.0, 0.4159857376318526)	(8.0, 0.6452023685718531)	(9.0, 0.49663603370333426)	('>10', 10.074919880297982)	('>50', 2.2348621516650042)	('>100', 13.933399834454654)	('>500', 14.548888936052803)	('>1k', 50.629284546978795)	('>5k', 0.0)	('>10k+', 0.0)
ERR4588254_2.pr	(1.0, 3.737504510049451)	(2.0, 1.4262368147377804)	(3.0, 0.8595623660250016)	(4.0, 0.8998875140607425)	(5.0, 0.7852791985907421)	(6.0, 0.6749156355455568)	(7.0, 0.6834051403951865)	(8.0, 0.526349300677038)	(9.0, 0.5348388055266676)	('>10', 8.892756329987053)	('>50', 2.920389668272598)	('>100', 13.801812509285396)	('>500', 14.703822399558547)	('>1k', 49.55323980728824)	('>5k', 0.0)	('>10k+', 0.0)
ERR4588255_1.pr	(1.0, 1.623567440493682)	(2.0, 0.8338230972671173)	(3.0, 0.6226124008228034)	(4.0, 0.44813399941228327)	(5.0, 0.3673229503379371)	(6.0, 0.36364972083455777)	(7.0, 0.3342638848075228)	(8.0, 0.2644725242433147)	(9.0, 0.29753158977372907)	('>10', 3.8109756097560976)	('>50', 0.9238172200999117)	('>100', 5.08558624742874)	('>500', 8.666985013223625)	('>1k', 28.21591243020864)	('>5k', 26.911915956508963)	('>10k+', 21.229429914781075)
ERR4588255_2.pr	(1.0, 2.119453423449897)	(2.0, 0.9734058183955334)	(3.0, 0.7603585071995298)	(4.0, 0.5877167205406993)	(5.0, 0.45915368792242134)	(6.0, 0.39670878636497203)	(7.0, 0.4242580076403174)	(8.0, 0.16162209814869233)	(9.0, 0.23141345871290037)	('>10', 3.79811930649427)	('>50', 0.6960769908903908)	('>100', 6.246326770496621)	('>500', 10.8084778136938)	('>1k', 24.619820746400233)	('>5k', 26.7447840141052)	('>10k+', 20.97230384954452)
ERR4588256_1.pr	(1.0, 1.7391426504365415)	(2.0, 0.8723809256228532)	(3.0, 0.6279456904241795)	(4.0, 0.5506816792981618)	(5.0, 0.48816807029620213)	(6.0, 0.3835104552255056)	(7.0, 0.33434244814531255)	(8.0, 0.34277124935905995)	(9.0, 0.29079364187428447)	('>10', 4.923122308929613)	('>50', 0.8274273191495339)	('>100', 5.382491975078844)	('>500', 3.0491188390731128)	('>1k', 44.08122554769648)	('>5k', 20.30427972381628)	('>10k+', 15.802597475574037)
ERR4588256_2.pr	(1.0, 2.1985123165857736)	(2.0, 0.9974081436267725)	(3.0, 0.79441451439569)	(4.0, 0.6349696914356355)	(5.0, 0.530312076364939)	(6.0, 0.46358406675610564)	(7.0, 0.3982608573495635)	(8.0, 0.34839045016822484)	(9.0, 0.3476880500670792)	('>10', 5.322085566380322)	('>50', 0.9833601416038604)	('>100', 4.473586244196419)	('>500', 3.627896522417099)	('>1k', 42.96300458667266)	('>5k', 20.057034888213025)	('>10k+', 15.859491883766832)
ERR4588257_1.pr	(1.0, 1.8803592414723675)	(2.0, 0.9111617312072893)	(3.0, 0.6246100721094555)	(4.0, 0.47879517722676024)	(5.0, 0.42801387055119483)	(6.0, 0.3656254080640715)	(7.0, 0.2945315787182798)	(8.0, 0.2727681615716089)	(9.0, 0.3133932069120613)	('>10', 3.9007297999216517)	('>50', 1.8506159047052508)	('>100', 8.431147802620316)	('>500', 8.769206215631938)	('>1k', 32.506565297505915)	('>5k', 21.13300349665569)	('>10k+', 17.839473035126154)
ERR4588257_2.pr	(1.0, 2.377290599654687)	(2.0, 1.030135078275757)	(3.0, 0.7856593589948203)	(4.0, 0.597768524295228)	(5.0, 0.46791346865342487)	(6.0, 0.46138444350942354)	(7.0, 0.3757816693991846)	(8.0, 0.30178605110050344)	(9.0, 0.30033515662405874)	('>10', 4.148107308155478)	('>50', 2.078406337507073)	('>100', 7.753580082120627)	('>500', 8.773558899061271)	('>1k', 31.66794829012086)	('>5k', 20.400301786051102)	('>10k+', 18.4800429464765)
ERR4588258_1.pr	(1.0, 2.9780240053220925)	(2.0, 1.282445479295829)	(3.0, 0.9341614629046775)	(4.0, 0.7200478541120434)	(5.0, 0.6065620510182975)	(6.0, 0.5132018090643291)	(7.0, 0.5048161585894217)	(8.0, 0.5456263242339708)	(9.0, 0.3974798325106078)	('>10', 6.857784958379222)	('>50', 2.79186256477915)	('>100', 9.171106402723659)	('>500', 10.882897186334745)	('>1k', 43.4751253654746)	('>5k', 11.960732794042835)	('>10k+', 6.378125751214522)
ERR4588258_2.pr	(1.0, 3.526445546381033)	(2.0, 1.4501584887939758)	(3.0, 1.0062780569888807)	(4.0, 0.8788161697702891)	(5.0, 0.7994320119411662)	(6.0, 0.6004125740033655)	(7.0, 0.5361225870290759)	(8.0, 0.5456263242339708)	(9.0, 0.4427623450751075)	('>10', 7.0221437076874045)	('>50', 2.885781850098112)	('>100', 9.317016720987047)	('>500', 10.22266697227704)	('>1k', 42.578419808024506)	('>5k', 11.885820983133662)	('>10k+', 6.302095853575363)
ERR4588259_1.pr	(1.0, 2.208228906789676)	(2.0, 0.9568230733659505)	(3.0, 0.7433076620062457)	(4.0, 0.618852154850054)	(5.0, 0.570896821817393)	(6.0, 0.4966802349811319)	(7.0, 0.4595719415630013)	(8.0, 0.3790754896867489)	(9.0, 0.36994114053767063)	('>10', 5.749501892522964)	('>50', 1.617350696208674)	('>100', 7.289781517786291)	('>500', 5.897364169373669)	('>1k', 43.2054714751403)	('>5k', 20.05389265997956)	('>10k+', 9.38326016339067)
ERR4588259_2.pr	(1.0, 3.017760600126739)	(2.0, 1.285659642732769)	(3.0, 0.9591066606532201)	(4.0, 0.6827925988936019)	(5.0, 0.5880237264719148)	(6.0, 0.4932548540502275)	(7.0, 0.5634751631337668)	(8.0, 0.4704189811775318)	(9.0, 0.39563149751945337)	('>10', 6.0726294936716085)	('>50', 1.7343845446812396)	('>100', 7.544401500316848)	('>500', 6.965512122994011)	('>1k', 40.015870931646525)	('>5k', 13.885352500242632)	('>10k+', 15.325725181687913)
ERR4588260_1.pr	(1.0, 3.4126555683625384)	(2.0, 1.620974919388961)	(3.0, 0.976086607624856)	(4.0, 0.7849545514232772)	(5.0, 0.5544288653175564)	(6.0, 0.5296254687112447)	(7.0, 0.36256729745108623)	(8.0, 0.39685434570098777)	(9.0, 0.3282802492011847)	('>10', 4.800916266651104)	('>50', 2.658340506864705)	('>100', 19.475772917608953)	('>500', 17.08151563343498)	('>1k', 42.225594187251055)	('>5k', 4.791432615007514)	('>10k+', 0.0)
ERR4588260_2.pr	(1.0, 3.9123710588132306)	(2.0, 1.6968441325376793)	(3.0, 1.1686776871562177)	(4.0, 0.8345613446359007)	(5.0, 0.6675031733757423)	(6.0, 0.5558878886473394)	(7.0, 0.5259779103867871)	(8.0, 0.4143626256583843)	(9.0, 0.31514903923313736)	('>10', 4.964326879586805)	('>50', 2.6488568552211147)	('>100', 20.317629378893766)	('>500', 15.932534761230832)	('>1k', 41.153941551525406)	('>5k', 4.891375713097652)	('>10k+', 0.0)
ERR4588261_1.pr	(1.0, 2.672150185921135)	(2.0, 1.1634720905206857)	(3.0, 0.8118733818468522)	(4.0, 0.5540343288193742)	(5.0, 0.5007617972021267)	(6.0, 0.5369871187018549)	(7.0, 0.35799141246790334)	(8.0, 0.3409442023503841)	(9.0, 0.38356222764418213)	('>10', 7.693619016162886)	('>50', 3.919792876397072)	('>100', 12.179166178335127)	('>500', 15.77612751313168)	('>1k', 32.13825287405308)	('>5k', 20.971264796445656)	('>10k+', 0.0)
ERR4588261_2.pr	(1.0, 3.2368390210639593)	(2.0, 1.2508390423729716)	(3.0, 0.7543390477002249)	(4.0, 0.6691029971126288)	(5.0, 0.5433798224959246)	(6.0, 0.5433798224959246)	(7.0, 0.42511480230563514)	(8.0, 0.3409442023503841)	(9.0, 0.35479506057086846)	('>10', 7.490117945385001)	('>50', 3.8920911599561037)	('>100', 14.59454276186113)	('>500', 14.7905856782126)	('>1k', 37.4623096838808)	('>5k', 13.651618952235847)	('>10k+', 0.0)
ERR4588262_1.pr	(1.0, 2.4424418049230967)	(2.0, 0.9744291946629303)	(3.0, 0.74992835079451)	(4.0, 0.5795624621851415)	(5.0, 0.5891156895837978)	(6.0, 0.42034200554087187)	(7.0, 0.42352641467375723)	(8.0, 0.31844091328853935)	(9.0, 0.4298952329395281)	('>10', 7.193580231188103)	('>50', 1.8596949336050697)	('>100', 16.146546508295387)	('>500', 14.239085437697035)	('>1k', 43.84772155526542)	('>5k', 9.785689265356813)	('>10k+', 0.0)
ERR4588262_2.pr	(1.0, 2.5618571474062986)	(2.0, 1.0253797407890965)	(3.0, 0.6161831672133236)	(4.0, 0.5413495525905169)	(5.0, 0.477661369932809)	(6.0, 0.43944846033818424)	(7.0, 0.39009011877846067)	(8.0, 0.624144190045537)	(9.0, 0.4585549151354966)	('>10', 7.042320797376046)	('>50', 2.240231824984874)	('>100', 15.388657134668662)	('>500', 15.899754800496769)	('>1k', 34.84539693659842)	('>5k', 17.44896984364551)	('>10k+', 0.0)
ERR4588263_1.pr	(1.0, 1.2988861606348527)	(2.0, 0.5409060175794456)	(3.0, 0.48040994982384966)	(4.0, 0.3487420376499057)	(5.0, 0.23130849435963136)	(6.0, 0.2028397565922921)	(7.0, 0.13700580050532007)	(8.0, 0.29892174655706205)	(9.0, 0.09608198996476994)	('>10', 4.761396391587488)	('>50', 2.7632468595423654)	('>100', 7.85915091989609)	('>500', 7.476602256147467)	('>1k', 0.0)	('>5k', 0.0)	('>10k+', 73.50450161915946)
ERR4588263_2.pr	(1.0, 1.4198782961460445)	(2.0, 0.5693747553467848)	(3.0, 0.3576385182021992)	(4.0, 0.30603893099889684)	(5.0, 0.24020497491192483)	(6.0, 0.29892174655706205)	(7.0, 0.3362869648766948)	(8.0, 0.24198427102238357)	(9.0, 0.17615031493541156)	('>10', 4.490943382797765)	('>50', 2.7169851606704385)	('>100', 6.352087114337568)	('>500', 8.878687591188926)	('>1k', 0.0)	('>5k', 0.0)	('>10k+', 73.61481797800789)
ERR4588264_1.pr	(1.0, 2.7931501318195853)	(2.0, 1.1186851293257012)	(3.0, 0.8194190437736029)	(4.0, 0.4987768092534974)	(5.0, 0.5047146284112771)	(6.0, 0.420397596370805)	(7.0, 0.43227323468636436)	(8.0, 0.2850153195734271)	(9.0, 0.32064223452010543)	('>10', 4.922452081799396)	('>50', 2.381065482269672)	('>100', 22.077999192456595)	('>500', 19.942759423319004)	('>1k', 34.94881599885994)	('>5k', 8.533833693561029)	('>10k+', 0.0)
ERR4588264_2.pr	(1.0, 3.0947913450347957)	(2.0, 1.2089399805239531)	(3.0, 0.769541362848253)	(4.0, 0.6555352350188823)	(5.0, 0.65909792651355)	(6.0, 0.3776452984347909)	(7.0, 0.40733439422368956)	(8.0, 0.29451583022587463)	(9.0, 0.3420183834881125)	('>10', 4.746692634729117)	('>50', 2.9617841959005298)	('>100', 22.43308077809182)	('>500', 17.72676531363561)	('>1k', 36.845355437854785)	('>5k', 7.476901883476236)	('>10k+', 0.0)
ERR4588265_1.pr	(1.0, 4.111887020637459)	(2.0, 1.5565872117972925)	(3.0, 1.129403503296532)	(4.0, 1.006515039207272)	(5.0, 0.8387625326727266)	(6.0, 0.6437014785627901)	(7.0, 0.8329107010494284)	(8.0, 0.5617758358366168)	(9.0, 0.5968868255764055)	('>10', 9.35902937619475)	('>50', 3.8914680294932316)	('>100', 19.952795224905394)	('>500', 13.65037256661335)	('>1k', 32.00366714781727)	('>5k', 9.864237506339485)	('>10k+', 0.0)
ERR4588265_2.pr	(1.0, 5.405141809386338)	(2.0, 1.8881910037841847)	(3.0, 1.2756992938789842)	(4.0, 1.1001443451800412)	(5.0, 0.8972808489057075)	(6.0, 0.6554051418093864)	(7.0, 0.846564974837124)	(8.0, 0.7958491007685407)	(9.0, 0.31599890765809696)	('>10', 9.834978348222993)	('>50', 3.9519369562673115)	('>100', 20.08933796278235)	('>500', 10.630827448991534)	('>1k', 30.835251433698748)	('>5k', 11.477392423828658)	('>10k+', 0.0)
ERR4588266_1.pr	(1.0, 3.8855610192221723)	(2.0, 1.7130084935181047)	(3.0, 1.2123379526151095)	(4.0, 1.0800178810907466)	(5.0, 0.8404112650871703)	(6.0, 0.8261063924899418)	(7.0, 0.5131873044255699)	(8.0, 0.4720607957085382)	(9.0, 0.4184175234689316)	('>10', 7.848010728654447)	('>50', 2.741171211443898)	('>100', 19.37058560572195)	('>500', 9.230219043361645)	('>1k', 31.361645060348682)	('>5k', 18.487259722843095)	('>10k+', 0.0)
ERR4588266_2.pr	(1.0, 4.5829235583370584)	(2.0, 1.991953509164059)	(3.0, 1.4483683504693785)	(4.0, 0.9941886455073758)	(5.0, 1.117568171658471)	(6.0, 0.7724631202503353)	(7.0, 0.5507375949932946)	(8.0, 0.48636566830576666)	(9.0, 0.5471613768439875)	('>10', 7.2829682610639255)	('>50', 3.3187304425569963)	('>100', 20.540008940545373)	('>500', 7.238265534197586)	('>1k', 30.319177469825657)	('>5k', 18.809119356280732)	('>10k+', 0.0)
ERR4588267_1.pr	(1.0, 3.2130027939154733)	(2.0, 1.5122621845758126)	(3.0, 1.1574792673732759)	(4.0, 1.0466096057474834)	(5.0, 0.6984788682424942)	(6.0, 0.6120005321743758)	(7.0, 0.5898265998492173)	(8.0, 0.5676526675240587)	(9.0, 0.7783050246130648)	('>10', 6.709831921592975)	('>50', 2.8826112022706107)	('>100', 23.994412169054062)	('>500', 20.266974145194908)	('>1k', 35.97055301787219)	('>5k', 0.0)	('>10k+', 0.0)
ERR4588267_2.pr	(1.0, 4.057829615504013)	(2.0, 1.7162623619672714)	(3.0, 1.051044392212515)	(4.0, 0.9667834493769125)	(5.0, 0.8980442591689209)	(6.0, 0.8115659231008028)	(7.0, 0.745044126125327)	(8.0, 0.6563483968246929)	(9.0, 0.5587830945939953)	('>10', 7.401658610137922)	('>50', 2.4657412745576304)	('>100', 22.86575901370349)	('>500', 16.885449465608232)	('>1k', 38.91968601711827)	('>5k', 0.0)	('>10k+', 0.0)
ERR4588268_1.pr	(1.0, 1.6977517836160976)	(2.0, 0.6770014840385675)	(3.0, 0.5554211141660081)	(4.0, 0.45949799261187874)	(5.0, 0.40235230317537607)	(6.0, 0.33937542093923023)	(7.0, 0.297973952061764)	(8.0, 0.3078869798211573)	(9.0, 0.301764227381532)	('>10', 5.799704358525058)	('>50', 2.2951574859395363)	('>100', 4.779828737867475)	('>500', 3.7176769694124783)	('>1k', 20.966928390036824)	('>5k', 13.946463818906476)	('>10k+', 43.45521498150054)
ERR4588268_2.pr	(1.0, 2.175034914266888)	(2.0, 0.8134513955502168)	(3.0, 0.5869095552840812)	(4.0, 0.5423009303668112)	(5.0, 0.4664954239714505)	(6.0, 0.3971042296556972)	(7.0, 0.37348789881714256)	(8.0, 0.3428741366190161)	(9.0, 0.3227565214602473)	('>10', 6.3758262071297995)	('>50', 2.211188309624675)	('>100', 5.405807284909164)	('>500', 4.218867990541805)	('>1k', 24.191869567879458)	('>5k', 11.977561570106973)	('>10k+', 39.59846406381657)
ERR4588269_1.pr	(1.0, 2.32194722847208)	(2.0, 1.0063407649826142)	(3.0, 0.7829822049498876)	(4.0, 0.6610758846389855)	(5.0, 0.5318060953160155)	(6.0, 0.5448967068930252)	(7.0, 0.3722642667212109)	(8.0, 0.32726528942524036)	(9.0, 0.30190222949478424)	('>10', 4.269993863775824)	('>50', 1.6575986909388423)	('>100', 8.790345673961955)	('>500', 8.261812231540192)	('>1k', 55.763550828390265)	('>5k', 5.199427285743506)	('>10k+', 9.206790754755573)
ERR4588269_2.pr	(1.0, 2.8799345469421147)	(2.0, 1.2566987113929229)	(3.0, 0.9302515851912456)	(4.0, 0.6938024135815095)	(5.0, 0.6668030272039271)	(6.0, 0.5203518101861321)	(7.0, 0.4238085498056862)	(8.0, 0.3796277357332788)	(9.0, 0.4049907956637349)	('>10', 4.657803231744733)	('>50', 2.0298629576600535)	('>100', 8.069543874002862)	('>500', 8.674166496215994)	('>1k', 54.02822663121293)	('>5k', 5.058703211290652)	('>10k+', 9.325424422172224)
ERR4588270_1.pr	(1.0, 2.914792117388274)	(2.0, 1.2274714630989128)	(3.0, 0.9070253731748603)	(4.0, 0.6553756189407175)	(5.0, 0.583863638420943)	(6.0, 0.5594228349521594)	(7.0, 0.44355532221125904)	(8.0, 0.38381113595423233)	(9.0, 0.38290592101094406)	('>10', 5.491939060930018)	('>50', 1.8737949326067476)	('>100', 9.829729069167474)	('>500', 11.702618786830934)	('>1k', 45.939658371880405)	('>5k', 7.82196232495406)	('>10k+', 9.282074028478062)
ERR4588270_2.pr	(1.0, 3.579219885761874)	(2.0, 1.5207611047243168)	(3.0, 1.0482389043278326)	(4.0, 0.7314136741769334)	(5.0, 0.7649066270785998)	(6.0, 0.5974418625702673)	(7.0, 0.44355532221125904)	(8.0, 0.5431289659729703)	(9.0, 0.4399344624381059)	('>10', 6.008816793547628)	('>50', 1.4248083207357587)	('>100', 9.15624915136099)	('>500', 12.373383059807551)	('>1k', 44.81809705714622)	('>5k', 7.384743507345819)	('>10k+', 9.165301300793875)
ERR4588271_1.pr	(1.0, 1.6077075171989899)	(2.0, 0.740537778534772)	(3.0, 0.5665114005791005)	(4.0, 0.42654976043602866)	(5.0, 0.40729577819412455)	(6.0, 0.27992328028614377)	(7.0, 0.23845316468819655)	(8.0, 0.2665936002725179)	(9.0, 0.17995068018394958)	('>10', 3.8315424661389104)	('>50', 1.5343942771240475)	('>100', 4.603182831372143)	('>500', 8.484341328672883)	('>1k', 35.5169323963062)	('>5k', 29.70148922147263)	('>10k+', 11.614594518539363)
ERR4588271_2.pr	(1.0, 1.8750416552500426)	(2.0, 0.8797588808993092)	(3.0, 0.5842843072639351)	(4.0, 0.5006035382895059)	(5.0, 0.38878233373075527)	(6.0, 0.3110258669846042)	(7.0, 0.34212845368306466)	(8.0, 0.2902908091856306)	(9.0, 0.20661004021120138)	('>10', 3.9692824929463777)	('>50', 1.3559246724971674)	('>100', 5.00011108066678)	('>500', 6.741855935780563)	('>1k', 37.50971955834327)	('>5k', 28.5869798647778)	('>10k+', 11.45760050948999)
ERR4588272_1.pr	(1.0, 1.9860038760414522)	(2.0, 0.8961009017093218)	(3.0, 0.6487072591650932)	(4.0, 0.5259451745776548)	(5.0, 0.45178939759336456)	(6.0, 0.3664167803929633)	(7.0, 0.28353679435169776)	(8.0, 0.2891452144597534)	(9.0, 0.28042100540277803)	('>10', 4.771519196375714)	('>50', 1.9224417814834895)	('>100', 6.947586198301272)	('>500', 7.272251406778711)	('>1k', 27.933047927065612)	('>5k', 31.857695687124938)	('>10k+', 13.567391399176184)
ERR4588272_2.pr	(1.0, 2.5561932536937677)	(2.0, 1.124176652770248)	(3.0, 0.7477893477407415)	(4.0, 0.5832756912377783)	(5.0, 0.5047578097250005)	(6.0, 0.49354096950888937)	(7.0, 0.33151994416506203)	(8.0, 0.2841599521414817)	(9.0, 0.27481258529472247)	('>10', 5.25197385229914)	('>50', 2.245237516591576)	('>100', 6.708916764814019)	('>500', 7.291569298262013)	('>1k', 29.761392882291727)	('>5k', 27.619599558804286)	('>10k+', 14.221083920659549)
ERR4588273_1.pr	(1.0, 2.2981907438932656)	(2.0, 1.0926798368898214)	(3.0, 0.7423096718001504)	(4.0, 0.6176016469377252)	(5.0, 0.4750781899520963)	(6.0, 0.2969238687200602)	(7.0, 0.26327249693178667)	(8.0, 0.2850469139712578)	(9.0, 0.3384932103408686)	('>10', 3.38691159586682)	('>50', 1.1876954748802409)	('>100', 14.13159665861673)	('>500', 18.338018132150914)	('>1k', 45.81733243596342)	('>5k', 10.72884912308484)	('>10k+', 0.0)
ERR4588273_2.pr	(1.0, 2.72972009976642)	(2.0, 0.9937052139831348)	(3.0, 0.7779405360465577)	(4.0, 0.6651094659329347)	(5.0, 0.45528326537075897)	(6.0, 0.3919395067104794)	(7.0, 0.3602676273803397)	(8.0, 0.2850469139712578)	(9.0, 0.16033888910883248)	('>10', 3.6204917059266006)	('>50', 2.1814006888633752)	('>100', 13.917811473138286)	('>500', 12.193673542103804)	('>1k', 47.739419612811275)	('>5k', 13.527851458885943)	('>10k+', 0.0)
ERR4588274_1.pr	(1.0, 1.454147656020705)	(2.0, 0.8137890552042478)	(3.0, 0.5763227407348115)	(4.0, 0.4269057338776382)	(5.0, 0.38021291923477146)	(6.0, 0.2801568878572)	(7.0, 0.2428026361429067)	(8.0, 0.1814349368979962)	(9.0, 0.1801008564796286)	('>10', 2.454707969796419)	('>50', 0.5909976253368553)	('>100', 9.822834120440781)	('>500', 10.364470770298032)	('>1k', 51.46748846020438)	('>5k', 20.763627631473625)	('>10k+', 0.0)
ERR4588274_2.pr	(1.0, 1.7102910963472877)	(2.0, 0.7177352650817792)	(3.0, 0.49227567437765146)	(4.0, 0.41623309053069724)	(5.0, 0.346860908775581)	(6.0, 0.2721524053469943)	(7.0, 0.26147976200005335)	(8.0, 0.2134528669388191)	(9.0, 0.20411430401024575)	('>10', 2.3359748125617013)	('>50', 1.0672643346940953)	('>100', 9.011713226073267)	('>500', 10.736679207022599)	('>1k', 40.51602230582459)	('>5k', 16.17705915312575)	('>10k+', 15.520691587288882)
ERR4588275_1.pr	(1.0, 1.7673247899102806)	(2.0, 0.8958415091275694)	(3.0, 0.6698512794836056)	(4.0, 0.611662178437555)	(5.0, 0.45333369419597547)	(6.0, 0.381612244069448)	(7.0, 0.35048784118435117)	(8.0, 0.2598211023451561)	(9.0, 0.19486582675886707)	('>10', 1.7334939172090884)	('>50', 1.111005859507152)	('>100', 10.173620038702518)	('>500', 9.164106797298944)	('>1k', 56.60852267345089)	('>5k', 15.624450248318606)	('>10k+', 0.0)
ERR4588275_2.pr	(1.0, 1.9635438515771955)	(2.0, 0.9797420734265261)	(3.0, 0.6657915747594625)	(4.0, 0.5629457217478382)	(5.0, 0.38567194879359107)	(6.0, 0.3734928346211619)	(7.0, 0.3125972637590159)	(8.0, 0.31395049866706365)	(9.0, 0.23140316927615462)	('>10', 1.7551456757378514)	('>50', 1.4127772440017863)	('>100', 9.42934083927629)	('>500', 11.930118949348417)	('>1k', 53.00079840859575)	('>5k', 16.682679946411895)	('>10k+', 0.0)
ERR4588276_1.pr	(1.0, 1.8909225614170972)	(2.0, 0.9429355604573237)	(3.0, 0.777921837377292)	(4.0, 0.4647325262253953)	(5.0, 0.47988684773274515)	(6.0, 0.2828806681371971)	(7.0, 0.47146778022866187)	(8.0, 0.2828806681371971)	(9.0, 0.1363888935661486)	('>10', 2.0138409469767127)	('>50', 1.0961625890316389)	('>100', 6.555085958679217)	('>500', 18.311471821381065)	('>1k', 56.791661755543956)	('>5k', 9.501759585108353)	('>10k+', 0.0)
ERR4588276_2.pr	(1.0, 2.247891023590227)	(2.0, 1.0338614895014229)	(3.0, 0.7577160753674923)	(4.0, 0.552290828267861)	(5.0, 0.4967249827409116)	(6.0, 0.35360083517149643)	(7.0, 0.3064540571486302)	(8.0, 0.26941016013066393)	(9.0, 0.21216050110289786)	('>10', 2.0138409469767127)	('>50', 1.3352641061476032)	('>100', 11.921399585781879)	('>500', 6.571924093687382)	('>1k', 63.38884305174359)	('>5k', 8.538618262641231)	('>10k+', 0.0)
ERR4588277_1.pr	(1.0, 3.06169017997103)	(2.0, 1.3770660952040796)	(3.0, 0.9464849098160606)	(4.0, 0.8651308609639462)	(5.0, 0.7143282338234419)	(6.0, 0.4166914697303411)	(7.0, 0.33335317578427287)	(8.0, 0.2698573327777447)	(9.0, 0.35716411691172095)	('>10', 4.403039863483937)	('>50', 1.831458221719547)	('>100', 13.099986110284343)	('>500', 20.378197114907636)	('>1k', 26.330932396769647)	('>5k', 25.614619917852256)	('>10k+', 0.0)
ERR4588277_2.pr	(1.0, 3.400996091037165)	(2.0, 1.488183820465504)	(3.0, 1.1310197035537828)	(4.0, 1.0635553703593468)	(5.0, 0.783776812111832)	(6.0, 0.47621882254896125)	(7.0, 0.2916840288112388)	(8.0, 0.3492271365359049)	(9.0, 0.4643133519852372)	('>10', 5.012203107327817)	('>50', 1.8810643490683967)	('>100', 14.413556362481895)	('>500', 19.263051372105483)	('>1k', 36.020001190547056)	('>5k', 13.96114848106038)	('>10k+', 0.0)
ERR4588278_1.pr	(1.0, 2.0069441372904597)	(2.0, 0.9796983502145162)	(3.0, 0.7696050245477465)	(4.0, 0.5661462249546642)	(5.0, 0.4644168251581229)	(6.0, 0.41797514264231056)	(7.0, 0.41023486222300853)	(8.0, 0.24768897341766552)	(9.0, 0.2886018842054049)	('>10', 3.717546109956212)	('>50', 0.9144588438232562)	('>100', 7.077933566278915)	('>500', 9.21425096200628)	('>1k', 39.053031978415675)	('>5k', 33.87146711486576)	('>10k+', 0.0)
ERR4588278_2.pr	(1.0, 2.2170374629572294)	(2.0, 1.0681586978636826)	(3.0, 0.8757574417267459)	(4.0, 0.7032597638108717)	(5.0, 0.5473484010792162)	(6.0, 0.4776858773054978)	(7.0, 0.4257154230616126)	(8.0, 0.2830731124773321)	(9.0, 0.3980715644212482)	('>10', 3.7993719315316907)	('>50', 1.0792162413198283)	('>100', 7.232739174664957)	('>500', 7.814365960458225)	('>1k', 34.03954177539918)	('>5k', 39.03865717192269)	('>10k+', 0.0)
ERR4588279_1.pr	(1.0, 2.3062000158365668)	(2.0, 1.0887639559743447)	(3.0, 0.6710745110460052)	(4.0, 0.585952965397102)	(5.0, 0.4750969989706232)	(6.0, 0.36820017420223294)	(7.0, 0.30485390767281656)	(8.0, 0.3642410325441444)	(9.0, 0.4275872990735608)	('>10', 4.269934278248476)	('>50', 1.819225591891678)	('>100', 13.128513738221553)	('>500', 19.522527516034526)	('>1k', 54.667828014886375)	('>5k', 0.0)	('>10k+', 0.0)
ERR4588279_2.pr	(1.0, 2.7357668857391717)	(2.0, 1.2590070472721515)	(3.0, 0.789848760788661)	(4.0, 0.6492992319265183)	(5.0, 0.5047905614062871)	(6.0, 0.35632274922796736)	(7.0, 0.4157098740992953)	(8.0, 0.26922163275001976)	(9.0, 0.37413888668936574)	('>10', 4.262015994932298)	('>50', 1.8489191543273418)	('>100', 13.593712883046955)	('>500', 15.066513579855886)	('>1k', 57.87473275793808)	('>5k', 0.0)	('>10k+', 0.0)
ERR4588280_1.pr	(1.0, 1.206102763963527)	(2.0, 0.6170267747430374)	(3.0, 0.47463598057156714)	(4.0, 0.4050227034210706)	(5.0, 0.3533401188699445)	(6.0, 0.33224518640009704)	(7.0, 0.34332002594676697)	(8.0, 0.2404822301562607)	(9.0, 0.26104978931436196)	('>10', 3.4268717797267154)	('>50', 1.0547466234923717)	('>100', 2.040407343145993)	('>500', 4.97471244970177)	('>1k', 32.158169803658915)	('>5k', 13.112610023257162)	('>10k+', 38.99925640363044)
ERR4588280_2.pr	(1.0, 1.589503161603004)	(2.0, 0.7646913020319693)	(3.0, 0.564816816880165)	(4.0, 0.4640885143366435)	(5.0, 0.41398804972075587)	(6.0, 0.3132597471772343)	(7.0, 0.34332002594676697)	(8.0, 0.2826720950959556)	(9.0, 0.2847815883429403)	('>10', 4.183125108770745)	('>50', 1.1285788871368374)	('>100', 2.2771979601200303)	('>500', 4.891387466445873)	('>1k', 31.179364937057997)	('>5k', 12.573107125340815)	('>10k+', 38.74611721399227)
ERR4588281_1.pr	(1.0, 2.703791491394898)	(2.0, 1.2347876596183214)	(3.0, 0.7251332690019581)	(4.0, 0.543381519407152)	(5.0, 0.44969505054384995)	(6.0, 0.4553162386756481)	(7.0, 0.406599274866731)	(8.0, 0.3822407929622725)	(9.0, 0.3035441591170987)	('>10', 4.512877205145261)	('>50', 2.578251623118073)	('>100', 16.854195748508044)	('>500', 11.070930025576406)	('>1k', 46.128406674224046)	('>5k', 0.0)	('>10k+', 11.650849267840247)
ERR4588281_2.pr	(1.0, 3.669698985375542)	(2.0, 1.4352767029857878)	(3.0, 0.952791388339782)	(4.0, 0.7457442921518844)	(5.0, 0.6417523117136192)	(6.0, 0.6183306944977937)	(7.0, 0.3869251164054376)	(8.0, 0.3972306279804008)	(9.0, 0.40472554548946493)	('>10', 4.9859938729049365)	('>50', 2.5969889168907336)	('>100', 17.946579975454142)	('>500', 10.496631971444364)	('>1k', 43.387140595283824)	('>5k', 0.0)	('>10k+', 11.334189003082285)
ERR4588282_1.pr	(1.0, 3.410459747038747)	(2.0, 1.3852640032122063)	(3.0, 0.948604697851837)	(4.0, 0.6324031319012247)	(5.0, 0.6148363782373018)	(6.0, 0.7528608713109818)	(7.0, 0.4918691025898414)	(8.0, 0.46175466773740215)	(9.0, 0.451716522786589)	('>10', 8.620256976510742)	('>50', 3.4380646456534834)	('>100', 11.67938165027103)	('>500', 13.486247741417387)	('>1k', 39.316904236097166)	('>5k', 14.30937562738406)	('>10k+', 0.0)
ERR4588282_2.pr	(1.0, 4.143244328448103)	(2.0, 1.6010841196546877)	(3.0, 1.0916482634009235)	(4.0, 0.8231278859666733)	(5.0, 0.6650271029913672)	(6.0, 0.6625175667536639)	(7.0, 0.6675366392290705)	(8.0, 0.6022886970487854)	(9.0, 0.40654487050793015)	('>10', 9.104597470387473)	('>50', 4.160811082112026)	('>100', 10.986749648664928)	('>500', 13.207689219032323)	('>1k', 38.35073278458141)	('>5k', 13.526400321220638)	('>10k+', 0.0)
ERR4588283_1.pr	(1.0, 2.639569456015731)	(2.0, 1.0968921389396709)	(3.0, 0.7261283813931083)	(4.0, 0.5701627964826799)	(5.0, 0.5231756962185256)	(6.0, 0.32219725895420137)	(7.0, 0.3897165374850451)	(8.0, 0.31903846229778765)	(9.0, 0.2949526377926329)	('>10', 5.580409143136922)	('>50', 2.102574024425395)	('>100', 13.290242082278755)	('>500', 13.796439246469058)	('>1k', 35.493818629792976)	('>5k', 18.3928832311331)	('>10k+', 4.461800277184406)
ERR4588283_2.pr	(1.0, 3.3901785114960457)	(2.0, 1.3590722614220114)	(3.0, 0.8884115596163641)	(4.0, 0.6364975262673684)	(5.0, 0.6159653480006791)	(6.0, 0.5306778382775081)	(7.0, 0.41459206115430325)	(8.0, 0.36642041214399373)	(9.0, 0.33404274641575293)	('>10', 6.0210612767066385)	('>50', 1.944634191604708)	('>100', 13.886070101594797)	('>500', 12.78049127184999)	('>1k', 34.03919276951445)	('>5k', 18.300093579350946)	('>10k+', 4.492598544584441)
ERR4588284_1.pr	(1.0, 1.1888646930728033)	(2.0, 0.5179212524277559)	(3.0, 0.4041355227277186)	(4.0, 0.29819708473113216)	(5.0, 0.23868845597996324)	(6.0, 0.24718968865870167)	(7.0, 0.20599140721558473)	(8.0, 0.22495569549892427)	(9.0, 0.22953328232593728)	('>10', 4.229036287184719)	('>50', 1.744714522067238)	('>100', 3.8569438722460907)	('>500', 3.063713469222268)	('>1k', 13.654941504979762)	('>5k', 12.575284954779981)	('>10k+', 57.31988830688142)
ERR4588284_2.pr	(1.0, 1.5007945382849743)	(2.0, 0.5911626416599637)	(3.0, 0.4845702626880897)	(4.0, 0.37667000176564064)	(5.0, 0.25176727548571465)	(6.0, 0.3021207305828576)	(7.0, 0.2426121018316887)	(8.0, 0.20926111209202258)	(9.0, 0.24718968865870167)	('>10', 4.706413199144645)	('>50', 1.827111084953472)	('>100', 4.409523996364088)	('>500', 3.912528855145535)	('>1k', 18.961018578463108)	('>5k', 5.464984730478227)	('>10k+', 56.51227120240128)
ERR4588285_1.pr	(1.0, 1.9147189491983776)	(2.0, 0.9706393664284335)	(3.0, 0.6519219625265598)	(4.0, 0.5601699826154143)	(5.0, 0.49497778636275835)	(6.0, 0.26076878501062395)	(7.0, 0.3549352907089047)	(8.0, 0.27042688815916555)	(9.0, 0.3259609812632799)	('>10', 3.7135406606142554)	('>50', 1.3521344407958278)	('>100', 7.666119374154916)	('>500', 5.266080741742321)	('>1k', 46.561715279119184)	('>5k', 0.0)	('>10k+', 29.63588951129998)
ERR4588285_2.pr	(1.0, 2.4917906123237397)	(2.0, 1.1831176356963493)	(3.0, 0.8692292833687464)	(4.0, 0.5215375700212479)	(5.0, 0.48290515742708134)	(6.0, 0.5649990341896851)	(7.0, 0.3718369712188526)	(8.0, 0.3283755070504153)	(9.0, 0.23903805292640523)	('>10', 4.194031292254201)	('>50', 0.9706393664284335)	('>100', 7.912401004442728)	('>500', 8.919258257678193)	('>1k', 41.433262507243576)	('>5k', 0.0)	('>10k+', 29.517577747730346)
ERR4588286_1.pr	(1.0, 4.51559934318555)	(2.0, 2.2441160372194857)	(3.0, 1.6420361247947455)	(4.0, 1.4230979748221126)	(5.0, 0.6841817186644773)	(6.0, 0.8210180623973727)	(7.0, 1.1494252873563218)	(8.0, 0.0)	(9.0, 0.24630541871921183)	('>10', 4.406130268199234)	('>50', 2.4630541871921183)	('>100', 9.414340448823207)	('>500', 41.078270388615216)	('>1k', 29.912424740010945)	('>5k', 0.0)	('>10k+', 0.0)
ERR4588286_2.pr	(1.0, 4.597701149425287)	(2.0, 1.9704433497536946)	(3.0, 1.3957307060755337)	(4.0, 1.20415982484948)	(5.0, 0.5473453749315819)	(6.0, 0.49261083743842365)	(7.0, 0.0)	(8.0, 0.4378762999452655)	(9.0, 0.7389162561576355)	('>10', 3.8314176245210727)	('>50', 2.10727969348659)	('>100', 22.33169129720854)	('>500', 0.0)	('>1k', 60.3448275862069)	('>5k', 0.0)	('>10k+', 0.0)
ERR4588287_1.pr	(1.0, 3.14533622559653)	(2.0, 0.6507592190889371)	(3.0, 0.6507592190889371)	(4.0, 0.21691973969631237)	(5.0, 0.0)	(6.0, 0.6507592190889371)	(7.0, 0.3796095444685466)	(8.0, 0.43383947939262474)	(9.0, 0.0)	('>10', 6.887201735357918)	('>50', 0.0)	('>100', 25.0)	('>500', 0.0)	('>1k', 61.984815618221255)	('>5k', 0.0)	('>10k+', 0.0)
ERR4588287_2.pr	(1.0, 4.0130151843817785)	(2.0, 0.7592190889370932)	(3.0, 0.32537960954446854)	(4.0, 0.21691973969631237)	(5.0, 0.5422993492407809)	(6.0, 0.32537960954446854)	(7.0, 0.3796095444685466)	(8.0, 0.43383947939262474)	(9.0, 0.4880694143167028)	('>10', 4.8806941431670285)	('>50', 0.0)	('>100', 24.566160520607376)	('>500', 0.0)	('>1k', 63.06941431670282)	('>5k', 0.0)	('>10k+', 0.0)
