Sample	fastqc-percent_duplicates	fastqc-percent_gc	fastqc-avg_sequence_length	fastqc-median_sequence_length	fastqc-percent_fails	fastqc-total_sequences
ERR4588253_1.pr	95.19917656276405	55.0	262.39179328038347	262	36.36363636363637	0.065093
ERR4588253_2.pr	93.92715038483401	55.0	262.1435638240671	262	45.45454545454545	0.065093
ERR4588254_1.pr	94.79381115096461	55.0	262.278307192733	262	36.36363636363637	0.047117
ERR4588254_2.pr	93.94486066600166	55.0	261.9962221703419	262	45.45454545454545	0.047117
ERR4588255_1.pr	97.13120775786071	55.0	262.27058845136645	262	36.36363636363637	0.054447999999999996
ERR4588255_2.pr	96.46267998824567	55.0	261.89984939759034	261	45.45454545454545	0.054447999999999996
ERR4588256_1.pr	96.86378354838483	53.0	262.08593865237515	262	45.45454545454545	0.142369
ERR4588256_2.pr	96.21055145431941	54.0	261.83171898376753	261	54.54545454545454	0.142369
ERR4588257_1.pr	96.78409239296026	52.0	261.83372749299946	261	45.45454545454545	0.137846
ERR4588257_2.pr	96.08621214979034	52.0	261.6329236974595	261	54.54545454545454	0.137846
ERR4588258_1.pr	95.04128535250479	53.0	262.0651509137564	262	36.36363636363637	0.17887699999999998
ERR4588258_2.pr	94.2625379450684	53.0	261.7796306959531	261	45.45454545454545	0.17887699999999998
ERR4588259_1.pr	96.17042411924893	53.0	262.2215878924202	262	36.36363636363637	0.17516299999999999
ERR4588259_2.pr	95.04518648344684	53.0	261.9973224939057	261	45.45454545454545	0.17516299999999999
ERR4588260_1.pr	94.50240009337749	53.0	261.9826449174922	262	36.36363636363637	0.137078
ERR4588260_2.pr	93.83270838500708	53.0	261.7650680634383	261	45.45454545454545	0.137078
ERR4588261_1.pr	95.49101292391617	54.0	262.09677488093587	262	36.36363636363637	0.093857
ERR4588261_2.pr	94.85920069893561	54.0	261.5701332878741	261	54.54545454545454	0.093857
ERR4588262_1.pr	95.86026812724899	54.0	261.92045345986054	262	45.45454545454545	0.062806
ERR4588262_2.pr	95.75359042129733	54.0	261.5078177244212	261	54.54545454545454	0.062806
ERR4588263_1.pr	97.74563182804883	53.0	262.123340806377	262	45.45454545454545	0.056201999999999995
ERR4588263_2.pr	97.62997758086901	53.0	261.6511867905057	261	54.54545454545454	0.056201999999999995
ERR4588264_1.pr	95.51813409970786	53.0	261.9757855734746	262	45.45454545454545	0.084206
ERR4588264_2.pr	95.11673752464195	53.0	261.52413129705724	261	45.45454545454545	0.084206
ERR4588265_1.pr	93.29575157024149	53.0	262.2733195490188	262	45.45454545454545	0.051266
ERR4588265_2.pr	91.7138064214099	52.0	262.11725119962546	262	54.54545454545454	0.051266
ERR4588266_1.pr	93.52346893160482	53.0	261.61868573983014	261	45.45454545454545	0.055924999999999996
ERR4588266_2.pr	92.59186410371032	52.0	261.54310236924454	261	54.54545454545454	0.055924999999999996
ERR4588267_1.pr	94.3500820435496	53.0	261.75677413632536	262	45.45454545454545	0.045098
ERR4588267_2.pr	93.3699942347776	53.0	261.6272561976141	262	54.54545454545454	0.045098
ERR4588268_1.pr	97.05116580122046	53.0	261.90090470956284	261	45.45454545454545	0.342983
ERR4588268_2.pr	96.40244560226017	53.0	261.62055262214164	261	54.54545454545454	0.342983
ERR4588269_1.pr	96.10390672939252	52.0	262.0016363264471	261	45.45454545454545	0.122225
ERR4588269_2.pr	95.29228881161792	52.0	261.7792431990182	261	54.54545454545454	0.122225
ERR4588270_1.pr	95.26934670637543	53.0	262.03808239266414	261	36.36363636363637	0.110471
ERR4588270_2.pr	94.29895628717038	53.0	261.755818269048	261	45.45454545454545	0.110471
ERR4588271_1.pr	97.24594000162918	52.0	261.6453490524819	261	45.45454545454545	0.135037
ERR4588271_2.pr	96.84530906344187	52.0	261.38239889807977	261	54.54545454545454	0.135037
ERR4588272_1.pr	96.63868688190537	53.0	261.7377004231241	261	45.45454545454545	0.160473
ERR4588272_2.pr	95.83294385971472	53.0	261.5688246620927	261	54.54545454545454	0.160473
ERR4588273_1.pr	96.1973949879251	53.0	262.05904826002615	262	45.45454545454545	0.050518
ERR4588273_2.pr	95.76586563205194	53.0	261.6631101785502	261	54.54545454545454	0.050518
ERR4588274_1.pr	97.42789295338723	53.0	261.76800341524586	262	45.45454545454545	0.074958
ERR4588274_2.pr	97.23311721230556	53.0	261.24816563942477	261	54.54545454545454	0.074958
ERR4588275_1.pr	96.96469410124904	53.0	261.96633151548775	262	45.45454545454545	0.07389699999999999
ERR4588275_2.pr	96.73735063669703	54.0	261.5437703831008	261	54.54545454545454	0.07389699999999999
ERR4588276_1.pr	96.79233528094429	54.0	262.09291282897505	262	45.45454545454545	0.059389
ERR4588276_2.pr	96.37643334624256	54.0	261.542339490478	261	54.54545454545454	0.059389
ERR4588277_1.pr	95.02549754945731	54.0	262.25418179653553	262	45.45454545454545	0.050397
ERR4588277_2.pr	94.45403496239855	54.0	262.18465384844336	262	54.54545454545454	0.050397
ERR4588278_1.pr	96.5334601264983	53.0	261.7628046353222	262	45.45454545454545	0.090436
ERR4588278_2.pr	96.16745543809988	53.0	261.6953536202397	262	54.54545454545454	0.090436
ERR4588279_1.pr	96.13785731253465	53.0	261.95993348642014	262	45.45454545454545	0.050516
ERR4588279_2.pr	95.55784305962467	53.0	261.9046044817484	262	54.54545454545454	0.050516
ERR4588280_1.pr	97.75655393183173	53.0	262.33658019502263	262	45.45454545454545	0.18961899999999998
ERR4588280_2.pr	97.20650356768046	53.0	262.00705625491116	261	54.54545454545454	0.18961899999999998
ERR4588281_1.pr	95.61453639250882	53.0	262.3520643813414	262	45.45454545454545	0.106739
ERR4588281_2.pr	94.32447371626117	53.0	262.10003841145226	261	54.54545454545454	0.106739
ERR4588282_1.pr	94.42882955229874	51.0	261.69095061232684	260	45.45454545454545	0.039848
ERR4588282_2.pr	93.42752459345513	51.0	261.6126530817105	260	54.54545454545454	0.039848
ERR4588283_1.pr	95.74431120464659	54.0	262.0265733768721	262	36.36363636363637	0.253261
ERR4588283_2.pr	94.70704135259673	54.0	261.7821930735486	261	45.45454545454545	0.253261
ERR4588284_1.pr	97.91000464298092	50.0	261.7345261216723	260	45.45454545454545	0.152919
ERR4588284_2.pr	97.47186418953825	50.0	261.5345836684781	260	54.54545454545454	0.152919
ERR4588285_1.pr	96.73073208421866	50.0	261.60756712381686	260	45.45454545454545	0.041416
ERR4588285_2.pr	95.89530616186981	50.0	261.4115800656751	260	54.54545454545454	0.041416
ERR4588286_1.pr	92.55610290093048	56.0	266.5435139573071	263	45.45454545454545	0.0036539999999999997
ERR4588286_2.pr	92.9392446633826	56.0	265.6871921182266	263	54.54545454545454	0.0036539999999999997
ERR4588287_1.pr	95.44468546637744	56.0	262.1702819956616	263	45.45454545454545	0.001844
ERR4588287_2.pr	94.63123644251627	55.0	261.7169197396963	262	54.54545454545454	0.001844
