.	Basic Statistics	Per Base Sequence Quality	Per Tile Sequence Quality	Per Sequence Quality Scores	Per Base Sequence Content	Per Sequence GC Content	Per Base N Content	Sequence Length Distribution	Sequence Duplication Levels	Overrepresented Sequences	Adapter Content
SRR33022240_1	1	0.5	0.5	1	0.25	0.5	1	0.5	0.25	0.5	1
SRR33022240_2	1	0.25	0.5	1	0.25	0.5	1	0.5	0.25	0.25	1
SRR33022241_1	1	0.5	0.5	1	0.25	0.5	1	0.5	0.25	0.5	1
SRR33022241_2	1	0.25	0.5	1	0.25	0.25	1	0.5	0.25	0.25	1
SRR33022242_1	1	0.5	0.5	1	0.25	0.5	1	0.5	0.25	0.25	1
SRR33022242_2	1	0.25	0.5	1	0.25	0.5	1	0.5	0.25	0.25	1
SRR33022243_1	1	0.5	0.5	1	0.25	0.5	1	0.5	0.25	0.25	1
SRR33022243_2	1	0.25	0.5	1	0.25	0.5	1	0.5	0.25	0.25	1
SRR33022244_1	1	0.5	0.5	1	0.25	0.5	1	0.5	0.25	0.25	1
SRR33022244_2	1	0.25	0.5	1	0.25	0.5	1	0.5	0.25	0.25	1
SRR33022245_1	1	0.5	0.5	1	0.25	0.25	1	0.5	0.25	0.25	1
SRR33022245_2	1	0.25	0.5	1	0.25	0.5	1	0.5	0.25	0.25	1
SRR33022246_1	1	0.5	0.5	1	0.25	0.5	1	0.5	0.25	0.25	1
SRR33022246_2	1	0.25	0.5	1	0.25	0.25	1	0.5	0.25	0.25	1
SRR33022247_1	1	0.5	0.5	1	0.25	1	1	0.5	0.25	0.5	1
SRR33022247_2	1	0.25	0.5	1	0.25	0.5	1	0.5	0.25	0.25	1
SRR33022248_1	1	0.5	0.5	1	0.25	1	1	0.5	0.25	0.5	1
SRR33022248_2	1	0.25	0.5	1	0.25	0.25	1	0.5	0.25	0.25	1
SRR33022249_1	1	0.5	1	1	0.25	1	1	0.5	0.25	0.5	1
SRR33022249_2	1	0.25	0.5	1	0.25	0.25	1	0.5	0.25	0.25	1
SRR33022250_1	1	0.5	0.5	1	0.25	0.25	1	0.5	0.25	0.25	1
SRR33022250_2	1	0.25	0.5	1	0.25	0.25	1	0.5	0.25	0.25	1
SRR33022251_1	1	0.5	0.5	1	0.25	0.5	1	0.5	0.25	0.25	1
SRR33022251_2	1	0.25	0.5	1	0.25	0.5	1	0.5	0.25	0.25	1
SRR33022252_1	1	0.5	0.5	1	0.25	0.5	1	0.5	0.25	0.5	1
SRR33022252_2	1	0.25	0.5	1	0.25	0.5	1	0.5	0.25	0.25	1
SRR33022253_1	1	0.5	0.5	1	0.25	1	1	0.5	0.25	0.5	1
SRR33022253_2	1	0.25	0.5	1	0.25	0.25	1	0.5	0.25	0.25	1
SRR33022254_1	1	0.5	0.5	1	0.25	0.5	1	0.5	0.25	0.5	1
SRR33022254_2	1	0.25	0.5	1	0.25	0.25	1	0.5	0.25	0.25	1
SRR33022255_1	1	0.5	0.5	1	0.25	1	1	0.5	0.25	0.5	1
SRR33022255_2	1	0.25	0.5	1	0.25	0.25	1	0.5	0.25	0.25	1
SRR33022256_1	1	0.5	1	1	0.25	0.5	1	0.5	0.25	0.5	1
SRR33022256_2	1	0.25	0.5	1	0.25	0.5	1	0.5	0.25	0.25	1
SRR33022257_1	1	0.5	0.5	1	0.25	0.25	1	0.5	0.25	0.5	1
SRR33022257_2	1	0.25	0.5	1	0.25	0.5	1	0.5	0.25	0.25	1
SRR33022258_1	1	0.5	0.5	1	0.25	0.25	1	0.5	0.25	0.5	1
SRR33022258_2	1	0.25	0.5	1	0.25	0.5	1	0.5	0.25	0.25	1
SRR33022259_1	1	0.5	0.5	1	0.25	0.25	1	0.5	0.25	0.5	1
SRR33022259_2	1	0.25	0.5	1	0.25	0.5	1	0.5	0.25	0.25	1
SRR33022260_1	1	0.5	0.5	1	0.25	0.25	1	0.5	0.25	0.5	1
SRR33022260_2	1	0.25	0.5	1	0.25	0.25	1	0.5	0.25	0.25	1
SRR33022261_1	1	0.5	0.5	1	0.25	0.5	1	0.5	0.25	0.5	1
SRR33022261_2	1	0.25	0.5	1	0.25	0.5	1	0.5	0.25	0.25	1
SRR33022262_1	1	0.5	0.5	1	0.25	0.5	1	0.5	0.25	0.25	1
SRR33022262_2	1	0.25	0.5	1	0.25	1	1	0.5	0.25	0.25	1
SRR33022263_1	1	0.5	0.5	1	0.25	0.25	1	0.5	0.25	0.25	1
SRR33022263_2	1	0.25	0.5	1	0.25	0.5	1	0.5	0.25	0.25	1
SRR33075535_1	1	0.5	0.5	1	0.25	0.25	1	0.5	0.25	0.25	1
SRR33075535_2	1	0.25	0.5	1	0.25	0.25	1	0.5	1	1	1
SRR33075536_1	1	0.5	0.5	1	0.25	0.25	1	0.5	0.25	0.25	1
SRR33075536_2	1	0.25	0.5	1	0.25	0.25	1	0.5	0.5	1	1
SRR33075537_1	1	0.5	0.5	1	0.25	0.25	1	0.5	0.25	0.25	1
SRR33075537_2	1	0.25	0.5	1	0.25	0.25	1	0.5	0.5	1	1
SRR33075538_1	1	0.5	0.5	1	0.25	0.25	1	0.5	0.25	0.25	1
SRR33075538_2	1	0.25	0.5	1	0.25	0.25	1	0.5	0.5	1	1
SRR33075539_1	1	0.5	0.5	1	0.25	0.25	1	0.5	0.25	0.25	1
SRR33075539_2	1	0.25	0.5	1	0.25	0.25	1	0.5	0.5	1	1
SRR33075540_1	1	0.5	0.5	1	0.25	0.25	1	0.5	0.25	0.25	1
SRR33075540_2	1	0.25	0.5	1	0.25	0.5	1	0.5	0.5	1	1
SRR33075541_1	1	0.5	0.5	1	0.25	0.25	1	0.5	0.25	0.25	1
SRR33075541_2	1	0.25	0.5	1	0.25	0.25	1	0.5	0.5	1	1
SRR33075542_1	1	0.5	0.5	1	0.25	0.25	1	0.5	0.25	0.25	1
SRR33075542_2	1	0.25	0.5	1	0.25	0.25	1	0.5	0.5	1	1
SRR33075543_1	1	0.5	0.5	1	0.25	0.25	1	0.5	0.25	0.25	1
SRR33075543_2	1	0.25	0.5	1	0.25	0.25	1	0.5	1	1	1
SRR33075544_1	1	0.5	0.5	1	0.25	0.25	1	0.5	0.25	0.25	1
SRR33075544_2	1	0.25	0.5	1	0.25	0.25	1	0.5	0.5	1	1
SRR33075545_1	1	0.5	0.5	1	0.25	0.25	1	0.5	0.25	0.25	1
SRR33075545_2	1	0.25	0.5	1	0.25	0.25	1	0.5	0.5	1	1
SRR33075546_1	1	0.5	0.5	1	0.25	0.25	1	0.5	0.25	0.25	1
SRR33075546_2	1	0.25	0.5	1	0.25	0.25	1	0.5	0.5	1	1
SRR33075547_1	1	1	0.5	1	0.25	0.25	1	0.5	0.25	0.25	1
SRR33075547_2	1	0.25	0.5	1	0.25	0.25	1	0.5	1	1	1
SRR33075548_1	1	0.5	0.5	1	0.25	0.25	1	0.5	0.25	0.25	1
SRR33075548_2	1	0.25	0.5	1	0.25	0.25	1	0.5	0.5	1	1
SRR33075549_1	1	0.5	0.5	1	0.25	0.25	1	0.5	0.25	0.25	1
SRR33075549_2	1	0.25	0.5	1	0.25	0.25	1	0.5	0.5	1	1
SRR33075550_1	1	0.5	0.5	1	0.25	0.25	1	0.5	0.25	0.25	1
SRR33075550_2	1	0.25	0.5	1	0.25	0.25	1	0.5	1	1	1
SRR33075551_1	1	0.5	0.5	1	0.25	0.25	1	0.5	0.25	0.25	1
SRR33075551_2	1	0.25	0.5	1	0.25	0.25	1	0.5	0.5	1	1
SRR33075552_1	1	0.5	0.5	1	0.25	0.25	1	0.5	0.25	0.25	1
SRR33075552_2	1	0.25	0.5	1	0.25	0.25	1	0.5	0.5	1	1
SRR33075553_1	1	0.5	0.5	1	0.25	0.25	1	0.5	0.25	0.25	1
SRR33075553_2	1	0.25	0.5	1	0.25	0.25	1	0.5	0.5	1	1
SRR33075554_1	1	0.5	0.5	1	0.25	0.25	1	0.5	0.25	0.25	1
SRR33075554_2	1	0.25	0.5	1	0.25	0.5	1	0.5	1	1	1
SRR33075555_1	1	0.5	0.5	1	0.25	0.25	1	0.5	0.25	0.25	1
SRR33075555_2	1	0.25	0.5	1	0.25	0.5	1	0.5	0.5	1	1
SRR33075556_1	1	0.5	0.5	1	0.25	0.25	1	0.5	0.25	0.25	1
SRR33075556_2	1	0.25	0.5	1	0.25	1	1	0.5	1	1	1
SRR33075557_1	1	0.5	0.5	1	0.25	0.25	1	0.5	0.25	0.25	1
SRR33075557_2	1	0.25	0.5	1	0.25	0.5	1	0.5	0.5	1	1
SRR33075558_1	1	0.5	0.5	1	0.25	0.25	1	0.5	0.25	0.25	1
SRR33075558_2	1	0.25	0.5	1	0.25	0.25	1	0.5	0.5	1	1
SRR33075559_1	1	0.5	0.5	1	0.25	0.25	1	0.5	0.25	0.25	1
SRR33075559_2	1	0.25	0.5	1	0.25	0.5	1	0.5	0.5	1	1
SRR33075560_1	1	0.5	0.5	1	0.25	0.25	1	0.5	0.25	0.25	1
SRR33075560_2	1	0.25	0.5	1	0.25	0.5	1	0.5	1	1	1
SRR33075561_1	1	1	0.5	1	0.25	0.25	1	0.5	0.25	0.25	1
SRR33075561_2	1	0.25	0.5	1	0.25	0.5	1	0.5	1	1	1
SRR33075562_1	1	1	0.5	1	0.25	0.25	1	0.5	0.25	0.25	1
SRR33075562_2	1	0.25	0.5	1	0.25	0.5	1	0.5	0.5	1	1
SRR33075563_1	1	1	0.5	1	0.25	0.25	1	0.5	0.25	0.25	1
SRR33075563_2	1	0.25	0.5	1	0.25	0.5	1	0.5	1	1	1
SRR33075564_1	1	0.5	0.5	1	0.25	0.25	1	0.5	0.25	0.25	1
SRR33075564_2	1	0.25	0.5	1	0.25	0.25	1	0.5	0.5	1	1
SRR33075565_1	1	1	0.5	1	0.25	0.25	1	0.5	0.25	0.25	1
SRR33075565_2	1	0.25	0.5	1	0.25	0.5	1	0.5	0.5	1	1
SRR33075566_1	1	1	0.5	1	0.25	0.25	1	0.5	0.25	0.25	1
SRR33075566_2	1	0.25	0.5	1	0.25	0.5	1	0.5	1	1	1
SRR33075567_1	1	0.5	0.5	1	0.25	0.25	1	0.5	0.25	0.25	1
SRR33075567_2	1	0.25	0.5	1	0.25	0.25	1	0.5	0.5	1	1
SRR33075568_1	1	0.5	0.5	1	0.25	0.25	1	0.5	0.25	0.25	1
SRR33075568_2	1	0.25	0.5	1	0.25	0.25	1	0.5	0.5	1	1
SRR33075569_1	1	0.5	0.5	1	0.25	0.25	1	0.5	0.25	0.25	1
SRR33075569_2	1	0.25	0.5	1	0.25	0.5	1	0.5	0.5	1	1
SRR33075570_1	1	0.5	0.5	1	0.25	0.25	1	0.5	0.25	0.25	1
SRR33075570_2	1	0.25	0.5	1	0.25	0.25	1	0.5	0.5	1	1
