Sample	0	1	2	3	4	5	6	7	8	9	10	11	12	13	14	15
SRR33022240_1	(1.0, 1.7104217445504395)	(2.0, 0.4242164886250973)	(3.0, 0.1435318946475893)	(4.0, 0.07017114849437701)	(5.0, 0.05581795902961808)	(6.0, 0.04146476956485914)	(7.0, 0.053957360395297464)	(8.0, 0.04252796878447091)	(9.0, 0.03109857717364435)	('>10', 0.7506186490459116)	('>50', 0.4837556449233566)	('>100', 2.7380037903052177)	('>500', 19.316735021516493)	('>1k', 74.13767898294363)	('>5k', 0.0)	('>10k+', 0.0)
SRR33022240_2	(1.0, 0.421026890966262)	(2.0, 0.15735348450254236)	(3.0, 0.08930873444738892)	(4.0, 0.07548714459243587)	(5.0, 0.08372693854442712)	(6.0, 0.09568792976505956)	(7.0, 0.0744239453728241)	(8.0, 0.09994072664350664)	(9.0, 0.09568792976505956)	('>10', 2.041608301459507)	('>50', 0.8500277760796123)	('>100', 1.9198719908139588)	('>500', 2.2266049656719553)	('>1k', 3.7421954532285375)	('>5k', 0.0)	('>10k+', 88.02704778814693)
SRR33022241_1	(1.0, 1.7914123712735295)	(2.0, 0.49907303408798737)	(3.0, 0.14939713384846476)	(4.0, 0.08877220996792834)	(5.0, 0.08931350393114741)	(6.0, 0.06170751180697458)	(7.0, 0.060624923880536426)	(8.0, 0.045468692910402314)	(9.0, 0.04140898818625925)	('>10', 0.6076024737134119)	('>50', 0.3883784186096864)	('>100', 2.605247844973409)	('>500', 21.83823429909198)	('>1k', 71.7333585937183)	('>5k', 0.0)	('>10k+', 0.0)
SRR33022241_2	(1.0, 0.4598292217546044)	(2.0, 0.17375536219332313)	(3.0, 0.12179114172429191)	(4.0, 0.1158369081288821)	(5.0, 0.12585084644843497)	(6.0, 0.0828179763725185)	(7.0, 0.10609361679093873)	(8.0, 0.11475432020244394)	(9.0, 0.09499709054494769)	('>10', 2.0617887059014577)	('>50', 0.6839249225273015)	('>100', 2.0685548804416958)	('>500', 2.1329688620647658)	('>1k', 4.2748690745226465)	('>5k', 4.953381057417757)	('>10k+', 82.428786012964)
SRR33022242_1	(1.0, 1.0333802276505948)	(2.0, 0.5166901138252974)	(3.0, 0.2564266530246835)	(4.0, 0.12533572068039392)	(5.0, 0.0639467962655071)	(6.0, 0.044762757385854966)	(7.0, 0.03133393017009848)	(8.0, 0.040925949609924545)	(9.0, 0.023020846655582555)	('>10', 0.530758409003709)	('>50', 0.2532293132114081)	('>100', 2.125378351877904)	('>500', 1.0259197680862855)	('>1k', 47.175683164940104)	('>5k', 46.75320799761265)	('>10k+', 0.0)
SRR33022242_2	(1.0, 0.2523766892612014)	(2.0, 0.08185189921984909)	(3.0, 0.053075840900370895)	(4.0, 0.040925949609924545)	(5.0, 0.043696977448096516)	(6.0, 0.03069446220744341)	(7.0, 0.029841838257236648)	(8.0, 0.015347231103721704)	(9.0, 0.04220488553523469)	('>10', 1.0299697318497676)	('>50', 0.6829517841156157)	('>100', 3.330562305495161)	('>500', 1.5645649486294069)	('>1k', 0.34744425970925524)	('>5k', 0.0)	('>10k+', 92.45449119665771)
SRR33022243_1	(1.0, 1.250091026045586)	(2.0, 0.5503489883420462)	(3.0, 0.23236466909549902)	(4.0, 0.11563066154419895)	(5.0, 0.05516730035505674)	(6.0, 0.046340532298247666)	(7.0, 0.0278043193789486)	(8.0, 0.042368486672683586)	(9.0, 0.03773443344285881)	('>10', 0.7039347525305241)	('>50', 0.3409339161942507)	('>100', 2.1819770636432043)	('>500', 2.6427343562086385)	('>1k', 90.62111760123751)	('>5k', 1.1514518930107445)	('>10k+', 0.0)
SRR33022243_2	(1.0, 0.22155187822590788)	(2.0, 0.07546886688571762)	(3.0, 0.048326555111029706)	(4.0, 0.03442439542155541)	(5.0, 0.0220669201420227)	(6.0, 0.01986022812782043)	(7.0, 0.02934900378889019)	(8.0, 0.014122828890894527)	(9.0, 0.017874205315038385)	('>10', 0.4565645777384496)	('>50', 0.742772531980484)	('>100', 2.2567839229246616)	('>500', 2.7246026299355424)	('>1k', 1.0735556649094042)	('>5k', 0.0)	('>10k+', 92.26267579060257)
SRR33022244_1	(1.0, 1.0865412841454245)	(2.0, 0.5609641344866273)	(3.0, 0.27987888000193023)	(4.0, 0.1335054427595414)	(5.0, 0.06534528448320927)	(6.0, 0.056699600690046204)	(7.0, 0.035185922414035765)	(8.0, 0.043429481379609856)	(9.0, 0.03619123448300822)	('>10', 0.4252470051753466)	('>50', 0.31023930448489817)	('>100', 2.4593954455342026)	('>500', 1.8439433969092687)	('>1k', 50.023122177586366)	('>5k', 42.640311405466484)	('>10k+', 0.0)
SRR33022244_2	(1.0, 0.26238645000180955)	(2.0, 0.0872610875868087)	(3.0, 0.05609641344866273)	(4.0, 0.044233731034787824)	(5.0, 0.04121779482787047)	(6.0, 0.028952987586406576)	(7.0, 0.02533386413810575)	(8.0, 0.038603983448542094)	(9.0, 0.028952987586406576)	('>10', 0.9285062269029553)	('>50', 0.8504940103506932)	('>100', 3.6468700614044613)	('>500', 1.3155513734573485)	('>1k', 0.2639949493121655)	('>5k', 0.0)	('>10k+', 92.38154407891298)
SRR33022245_1	(1.0, 0.7411479742645453)	(2.0, 0.49133832185880466)	(3.0, 0.27672284700193917)	(4.0, 0.16837998670442184)	(5.0, 0.07820928344194455)	(6.0, 0.0496858977160589)	(7.0, 0.027373249204680598)	(8.0, 0.03680436867856215)	(9.0, 0.02277270311986033)	('>10', 0.377934860867985)	('>50', 0.1973634270387895)	('>100', 0.6535075713487191)	('>500', 0.8356891963076016)	('>1k', 12.8840593378434)	('>5k', 71.30777423280144)	('>10k+', 11.851236741801252)
SRR33022245_2	(1.0, 0.2592407718796221)	(2.0, 0.08050955648435469)	(3.0, 0.06279745405779666)	(4.0, 0.04324513319731052)	(5.0, 0.03680436867856215)	(6.0, 0.028983440334367692)	(7.0, 0.04991592502029991)	(8.0, 0.02944349494284972)	(9.0, 0.016561965905352964)	('>10', 1.0664065824613382)	('>50', 0.7418380561772683)	('>100', 3.5343695296631714)	('>500', 1.2081034018738024)	('>1k', 0.27856306543586723)	('>5k', 0.0)	('>10k+', 92.56321725388804)
SRR33022246_1	(1.0, 1.441952573800973)	(2.0, 0.5055907898423372)	(3.0, 0.17479177810040497)	(4.0, 0.07004406408395099)	(5.0, 0.06686024298922595)	(6.0, 0.0496676090777107)	(7.0, 0.051259519625073226)	(8.0, 0.03565879626092051)	(9.0, 0.04584702376404065)	('>10', 0.6074730648735386)	('>50', 0.3597717837039301)	('>100', 2.6584906140954128)	('>500', 3.3554290517307255)	('>1k', 90.57716308805176)	('>5k', 0.0)	('>10k+', 0.0)
SRR33022246_2	(1.0, 0.24642775273171852)	(2.0, 0.08532640533863121)	(3.0, 0.053488194391380764)	(4.0, 0.022923511882020325)	(5.0, 0.025470568757800363)	(6.0, 0.02865438985252541)	(7.0, 0.02897277196199791)	(8.0, 0.012735284378900182)	(9.0, 0.051577901734545725)	('>10', 0.7125391609994651)	('>50', 0.7819464608644711)	('>100', 3.1354270140852245)	('>500', 1.930350729731795)	('>1k', 0.7797177860981636)	('>5k', 0.0)	('>10k+', 92.10444206719136)
SRR33022247_1	(1.0, 2.014247722129171)	(2.0, 0.4328186774572058)	(3.0, 0.18297270270186594)	(4.0, 0.13126975625311535)	(5.0, 0.09752352174464936)	(6.0, 0.07801881739571949)	(7.0, 0.06068130241889294)	(8.0, 0.042105393515150205)	(9.0, 0.06130049938235103)	('>10', 1.6743085891906786)	('>50', 1.425701008362255)	('>100', 10.217369094021963)	('>500', 51.984061870160595)	('>1k', 31.597621045266393)	('>5k', 0.0)	('>10k+', 0.0)
SRR33022247_2	(1.0, 0.37832934467289375)	(2.0, 0.176471134585556)	(3.0, 0.12445858965507633)	(4.0, 0.1263161805454506)	(5.0, 0.12848336991755394)	(6.0, 0.09287954451871368)	(7.0, 0.10402508986095932)	(8.0, 0.09659472629946222)	(9.0, 0.11145545342245641)	('>10', 1.8157950953408526)	('>50', 0.47120888919160736)	('>100', 2.6257047235440356)	('>500', 2.6839092381090963)	('>1k', 0.6012402515178065)	('>5k', 2.452948770739228)	('>10k+', 88.01017959807925)
SRR33022248_1	(1.0, 1.3330891327355727)	(2.0, 0.5335252190204275)	(3.0, 0.21304813020042307)	(4.0, 0.12277595270809294)	(5.0, 0.0818023741510289)	(6.0, 0.07340496229127727)	(7.0, 0.05422121968063774)	(8.0, 0.05328013042049316)	(9.0, 0.03974292337072112)	('>10', 0.7506272721876271)	('>50', 0.544021983845117)	('>100', 3.510480114783933)	('>500', 3.25747188676814)	('>1k', 89.43250869783651)	('>5k', 0.0)	('>10k+', 0.0)
SRR33022248_2	(1.0, 0.20045201241079558)	(2.0, 0.06384928672673229)	(3.0, 0.04473793559764235)	(4.0, 0.037643570405783214)	(5.0, 0.030042464843076985)	(6.0, 0.03691965559028738)	(7.0, 0.023310057058965758)	(8.0, 0.03416877929140322)	(9.0, 0.028667026693634905)	('>10', 1.076244156197652)	('>50', 0.8898360912074753)	('>100', 1.3746418431450333)	('>500', 1.0585082432180042)	('>1k', 3.064982937327799)	('>5k', 0.5181058334503662)	('>10k+', 91.51789010683535)
SRR33022249_1	(1.0, 0.25623468951090594)	(2.0, 0.20035104404002285)	(3.0, 0.1977098815008888)	(4.0, 0.1944398707381515)	(5.0, 0.1846193576462127)	(6.0, 0.16375207742630868)	(7.0, 0.1382942051741003)	(8.0, 0.1138634516871107)	(9.0, 0.09093145313304238)	('>10', 0.5644017614877208)	('>50', 0.2436262826276591)	('>100', 0.7245694040394904)	('>500', 0.5062437816081389)	('>1k', 3.407780927725111)	('>5k', 2.9937891805195815)	('>10k+', 90.01939263113556)
SRR33022249_2	(1.0, 0.14573557582007313)	(2.0, 0.05611422315287101)	(3.0, 0.03411501613048098)	(4.0, 0.02557316109320233)	(5.0, 0.02048997128574203)	(6.0, 0.016098514524245402)	(7.0, 0.01100484391305838)	(8.0, 0.013583121629832056)	(9.0, 0.009055414419888037)	('>10', 0.22645872612328802)	('>50', 0.21019251873941502)	('>100', 1.281393544432791)	('>500', 0.9560589159516051)	('>1k', 2.0174708709642224)	('>5k', 0.7691966663078739)	('>10k+', 94.20745891551141)
SRR33022250_1	(1.0, 1.5828620604868453)	(2.0, 0.5046717482173592)	(3.0, 0.1871772805507745)	(4.0, 0.1044996311777723)	(5.0, 0.06761740840914679)	(6.0, 0.08114089009097615)	(7.0, 0.04948364888123924)	(8.0, 0.04425866732235063)	(9.0, 0.058089500860585196)	('>10', 0.774526678141136)	('>50', 1.0557536267519056)	('>100', 4.0238505040570445)	('>500', 6.075116793705434)	('>1k', 85.39095156134742)	('>5k', 0.0)	('>10k+', 0.0)
SRR33022250_2	(1.0, 0.32825178264076715)	(2.0, 0.14629948364888123)	(3.0, 0.1041922793213671)	(4.0, 0.12171133513646422)	(5.0, 0.10757314974182443)	(6.0, 0.0922055569215638)	(7.0, 0.10757314974182443)	(8.0, 0.11310548315711826)	(9.0, 0.11064666830587658)	('>10', 1.7869436931399065)	('>50', 0.5827391197442833)	('>100', 2.414863535775756)	('>500', 1.2164986476518318)	('>1k', 0.6147037128104254)	('>5k', 2.7298991885910993)	('>10k+', 89.42279321367101)
SRR33022251_1	(1.0, 0.8291568470014397)	(2.0, 0.535818334357849)	(3.0, 0.3261764075743408)	(4.0, 0.18020795998582365)	(5.0, 0.11112824199125793)	(6.0, 0.07448595679414044)	(7.0, 0.0462533763963614)	(8.0, 0.035240667730561066)	(9.0, 0.034239512397306486)	('>10', 0.4749480900959707)	('>50', 0.26430500797920803)	('>100', 1.4216405732214976)	('>500', 0.6179130716847242)	('>1k', 20.088582223886362)	('>5k', 70.86597934015855)	('>10k+', 4.093924388744611)
SRR33022251_2	(1.0, 0.2232576393157704)	(2.0, 0.07408549466083861)	(3.0, 0.0462533763963614)	(4.0, 0.04004621333018303)	(5.0, 0.01601848533207321)	(6.0, 0.032437432797448255)	(7.0, 0.021024261998346092)	(8.0, 0.017620333865280533)	(9.0, 0.019822875598440603)	('>10', 0.46513676783007596)	('>50', 0.7418561019416406)	('>100', 2.036349947839807)	('>500', 2.7359572947181046)	('>1k', 1.958860525045903)	('>5k', 0.0)	('>10k+', 91.57127324932972)
SRR33022252_1	(1.0, 1.7942143997267765)	(2.0, 0.38801516959061555)	(3.0, 0.14657296748594156)	(4.0, 0.09012577288779577)	(5.0, 0.06522259880037853)	(6.0, 0.051229386694115496)	(7.0, 0.0680686758389405)	(8.0, 0.03605030915511831)	(9.0, 0.051229386694115496)	('>10', 1.3715719595003237)	('>50', 1.7038514537524339)	('>100', 11.597763932140035)	('>500', 23.435072681692372)	('>1k', 59.20101130604104)	('>5k', 0.0)	('>10k+', 0.0)
SRR33022252_2	(1.0, 0.4053288049085342)	(2.0, 0.15084208304378455)	(3.0, 0.12095827413888383)	(4.0, 0.09961269634966902)	(5.0, 0.1055420235133398)	(6.0, 0.11384308154247888)	(7.0, 0.09629227313801339)	(8.0, 0.08727969584923381)	(9.0, 0.05549850225195845)	('>10', 1.8309762281415354)	('>50', 0.43687282541926276)	('>100', 2.9603944662775445)	('>500', 1.9626072911750267)	('>1k', 5.875963219197739)	('>5k', 1.8300275357953482)	('>10k+', 83.86796099925765)
SRR33022253_1	(1.0, 1.6550564164377157)	(2.0, 0.2662849710422781)	(3.0, 0.1208429487524426)	(4.0, 0.10024122466487605)	(5.0, 0.06611001013174342)	(6.0, 0.06088270700504743)	(7.0, 0.07210603430648294)	(8.0, 0.041818425013567924)	(9.0, 0.05949900911856907)	('>10', 2.2099192689155345)	('>50', 2.1304335125478335)	('>100', 29.04581731190549)	('>500', 49.738404227350784)	('>1k', 14.43258393280763)	('>5k', 0.0)	('>10k+', 0.0)
SRR33022253_2	(1.0, 0.2327687333475803)	(2.0, 0.08056196583496174)	(3.0, 0.06272763752035189)	(4.0, 0.05842279965130814)	(5.0, 0.05227303126695991)	(6.0, 0.044278332367307216)	(7.0, 0.055962892297568845)	(8.0, 0.041818425013567924)	(9.0, 0.04981312391322062)	('>10', 1.5294473971874034)	('>50', 0.4484718594285943)	('>100', 1.8449305153044673)	('>500', 1.14739303630977)	('>1k', 1.443504384016137)	('>5k', 0.0)	('>10k+', 92.9076258665408)
SRR33022254_1	(1.0, 1.9636703135801399)	(2.0, 0.4698727874272042)	(3.0, 0.18672469076911696)	(4.0, 0.13774772269852892)	(5.0, 0.11096344328492605)	(6.0, 0.06734333109705858)	(7.0, 0.055354177454779205)	(8.0, 0.06326191709117623)	(9.0, 0.04362011218786748)	('>10', 1.626188392968744)	('>50', 1.582313192405509)	('>100', 10.184913563304008)	('>500', 40.82995553809617)	('>1k', 42.678070817634776)	('>5k', 0.0)	('>10k+', 0.0)
SRR33022254_2	(1.0, 0.3811020327992633)	(2.0, 0.14846143446397003)	(3.0, 0.11478976891544075)	(4.0, 0.11427959216470546)	(5.0, 0.09438269888602907)	(6.0, 0.09795393614117612)	(7.0, 0.08392407549595557)	(8.0, 0.08979110812941143)	(9.0, 0.09871920126727905)	('>10', 2.014687988653669)	('>50', 0.5810913190874979)	('>100', 2.713119960410284)	('>500', 1.3861502317477892)	('>1k', 0.8525053504786733)	('>5k', 3.257733641820209)	('>10k+', 87.97130765953864)
SRR33022255_1	(1.0, 1.781108598983339)	(2.0, 0.476203344232565)	(3.0, 0.218885395930353)	(4.0, 0.16574038210364178)	(5.0, 0.12310426931611074)	(6.0, 0.10989307943828422)	(7.0, 0.06515518644291715)	(8.0, 0.05764882855778845)	(9.0, 0.07025950980480467)	('>10', 1.585042531023777)	('>50', 1.0737094318888099)	('>100', 10.782432720514276)	('>500', 26.215804786654296)	('>1k', 57.275011935109035)	('>5k', 0.0)	('>10k+', 0.0)
SRR33022255_2	(1.0, 0.36330772164022923)	(2.0, 0.15613224401067705)	(3.0, 0.12880910130880857)	(4.0, 0.10689053628423273)	(5.0, 0.10508901039180185)	(6.0, 0.1152976571155769)	(7.0, 0.1240050322623262)	(8.0, 0.10568951902261214)	(9.0, 0.129709864255024)	('>10', 1.953454576025894)	('>50', 0.6197249069962258)	('>100', 2.5269403184497268)	('>500', 1.2730782973178283)	('>1k', 1.399785618418801)	('>5k', 0.0)	('>10k+', 90.89208559650024)
SRR33022256_1	(1.0, 1.910226997953539)	(2.0, 0.5024740358926876)	(3.0, 0.1663118287813825)	(4.0, 0.10143842039148153)	(5.0, 0.05897582580900089)	(6.0, 0.06900171619653105)	(7.0, 0.041283078066300626)	(8.0, 0.05897582580900089)	(9.0, 0.06103997971231592)	('>10', 0.6611190073188999)	('>50', 0.3915994833717659)	('>100', 1.8477126225959979)	('>500', 21.133102541268332)	('>1k', 72.99673863683276)	('>5k', 0.0)	('>10k+', 0.0)
SRR33022256_2	(1.0, 0.43524159447042654)	(2.0, 0.14861908103868224)	(3.0, 0.09465620042344643)	(4.0, 0.07784809006788117)	(5.0, 0.08109176048737622)	(6.0, 0.07430954051934112)	(7.0, 0.07018123271271105)	(8.0, 0.07548905703552114)	(9.0, 0.050424331066695756)	('>10', 2.047345792959466)	('>50', 0.8179947039708424)	('>100', 1.8326737870147027)	('>500', 1.8362123365632428)	('>1k', 6.474661036441162)	('>5k', 0.0)	('>10k+', 85.8832514552285)
SRR33022257_1	(1.0, 1.8977842224426975)	(2.0, 0.4060138899488666)	(3.0, 0.1274517286117683)	(4.0, 0.07428324302322624)	(5.0, 0.0725024803480119)	(6.0, 0.06563382431504235)	(7.0, 0.03561525350428655)	(8.0, 0.05698440560685848)	(9.0, 0.03434328016484774)	('>10', 0.8267826706352235)	('>50', 0.49835915439212397)	('>100', 3.6503090895214836)	('>500', 42.34806278460403)	('>1k', 49.90587397288152)	('>5k', 0.0)	('>10k+', 0.0)
SRR33022257_2	(1.0, 0.34088885496959986)	(2.0, 0.11040728586328831)	(3.0, 0.07021292833702206)	(4.0, 0.07224808568012414)	(5.0, 0.06105472029306265)	(6.0, 0.05189651224910325)	(7.0, 0.06944974433335876)	(8.0, 0.05291409092065431)	(9.0, 0.041211936197817295)	('>10', 1.819430664733267)	('>50', 0.7995624411712331)	('>100', 1.7998422753059093)	('>500', 1.6632323386501817)	('>1k', 4.9772316772240455)	('>5k', 0.0)	('>10k+', 88.07041644407133)
SRR33022258_1	(1.0, 1.8157511251724834)	(2.0, 0.4900464684414373)	(3.0, 0.1631338901522153)	(4.0, 0.08597306463884866)	(5.0, 0.04728518555136675)	(6.0, 0.05545262669205738)	(7.0, 0.051153973460114945)	(8.0, 0.04298653231942433)	(9.0, 0.03095030326998551)	('>10', 0.7716082551336666)	('>50', 0.47091746155929354)	('>100', 3.1674626339567817)	('>500', 14.656258194307723)	('>1k', 78.1510202853446)	('>5k', 0.0)	('>10k+', 0.0)
SRR33022258_2	(1.0, 0.34926557509532263)	(2.0, 0.12337134775674782)	(3.0, 0.07995495011412924)	(4.0, 0.04986437749053222)	(5.0, 0.03868787908748189)	(6.0, 0.06190060653997102)	(7.0, 0.05416303072247465)	(8.0, 0.05330330007608617)	(9.0, 0.06190060653997102)	('>10', 1.503668900533463)	('>50', 0.9491426336128891)	('>100', 2.4412051704201074)	('>500', 1.120229032244198)	('>1k', 5.683464370612687)	('>5k', 0.0)	('>10k+', 87.42987821915393)
SRR33022259_1	(1.0, 1.5273492736855636)	(2.0, 0.5570553198783048)	(3.0, 0.23058876462270214)	(4.0, 0.11569610489780179)	(5.0, 0.061597463255774094)	(6.0, 0.03856536829926726)	(7.0, 0.03936881347216866)	(8.0, 0.02785276599391524)	(9.0, 0.036155032780563055)	('>10', 0.6296332004970647)	('>50', 0.4435017354415735)	('>100', 2.3315978917598663)	('>500', 3.0651433346188455)	('>1k', 90.8958949307966)	('>5k', 0.0)	('>10k+', 0.0)
SRR33022259_2	(1.0, 0.4322535030209539)	(2.0, 0.16658096584822385)	(3.0, 0.14220979560354802)	(4.0, 0.1285512276642242)	(5.0, 0.10980417362985817)	(6.0, 0.14140635043064662)	(7.0, 0.11998114581994257)	(8.0, 0.11783862535887218)	(9.0, 0.130158118010027)	('>10', 2.2426832926254447)	('>50', 0.6845352873119939)	('>100', 2.819289111711017)	('>500', 0.802373912670866)	('>1k', 2.965516133179072)	('>5k', 1.8318549942151947)	('>10k+', 87.16496336290011)
SRR33022260_1	(1.0, 1.8227597874589223)	(2.0, 0.46894670961737556)	(3.0, 0.13743745874170776)	(4.0, 0.08368895125479318)	(5.0, 0.07214564763344239)	(6.0, 0.06493108287009816)	(7.0, 0.030301172006045804)	(8.0, 0.025972433148039265)	(9.0, 0.02921898729154417)	('>10', 0.7358856058611124)	('>50', 0.3466598368786907)	('>100', 6.572468499406601)	('>500', 23.779205459982613)	('>1k', 65.83037836784902)	('>5k', 0.0)	('>10k+', 0.0)
SRR33022260_2	(1.0, 0.6576075781788274)	(2.0, 0.24313083252470086)	(3.0, 0.17964266260727157)	(4.0, 0.13707673050354055)	(5.0, 0.10461118906849147)	(6.0, 0.12120468802418322)	(7.0, 0.14393056702871757)	(8.0, 0.12986216574019632)	(9.0, 0.11362939502267176)	('>10', 2.193949144532983)	('>50', 0.716406281000083)	('>100', 2.205131719916167)	('>500', 2.862739298094994)	('>1k', 11.50362351515239)	('>5k', 0.0)	('>10k+', 78.68745423260478)
SRR33022261_1	(1.0, 1.7736348570495473)	(2.0, 0.4961313566830075)	(3.0, 0.14487869449356733)	(4.0, 0.09589093448495102)	(5.0, 0.05385179291727322)	(6.0, 0.07504507916213558)	(7.0, 0.04377629617791243)	(8.0, 0.05280950015113245)	(9.0, 0.04377629617791243)	('>10', 0.7476713442449805)	('>50', 0.5218412449144799)	('>100', 2.0366400650390686)	('>500', 7.720609949726745)	('>1k', 86.19344258877729)	('>5k', 0.0)	('>10k+', 0.0)
SRR33022261_2	(1.0, 0.4641677118546905)	(2.0, 0.18413838868486973)	(3.0, 0.14696328002584885)	(4.0, 0.09172176342038794)	(5.0, 0.11465220427548492)	(6.0, 0.09172176342038794)	(7.0, 0.10700872399045258)	(8.0, 0.10006010554951411)	(9.0, 0.10318698384793644)	('>10', 2.1109902823571103)	('>50', 0.8095140483693329)	('>100', 2.1363527396665356)	('>500', 1.837909577628228)	('>1k', 3.9391717941680247)	('>5k', 4.942552297039541)	('>10k+', 82.81988833570165)
SRR33022262_1	(1.0, 1.1703214233838335)	(2.0, 0.5127649420026884)	(3.0, 0.24208776488436273)	(4.0, 0.11527988804017275)	(5.0, 0.08530711714972783)	(6.0, 0.06640121551113949)	(7.0, 0.0435757976791853)	(8.0, 0.025822694920998694)	(9.0, 0.0435757976791853)	('>10', 0.6338088244448697)	('>50', 0.22087626548497097)	('>100', 1.9069599079605375)	('>500', 2.0671989523363776)	('>1k', 80.57257214791792)	('>5k', 12.29344726060402)	('>10k+', 0.0)
SRR33022262_2	(1.0, 0.2688326989096828)	(2.0, 0.08300151938892436)	(3.0, 0.05879274290048809)	(4.0, 0.03227836865124837)	(5.0, 0.03112556977084664)	(6.0, 0.035967325068533895)	(7.0, 0.029050531786123532)	(8.0, 0.033200607755569746)	(9.0, 0.029050531786123532)	('>10', 1.032446677287787)	('>50', 0.895033050743901)	('>100', 3.8623373688979474)	('>500', 0.9280030987233906)	('>1k', 0.26076310674687075)	('>5k', 0.0)	('>10k+', 92.42011680158257)
SRR33022263_1	(1.0, 0.891154778619088)	(2.0, 0.5060459069427307)	(3.0, 0.3168928252214187)	(4.0, 0.16250914113918907)	(5.0, 0.08314421174563162)	(6.0, 0.04421760351926773)	(7.0, 0.0529099529290383)	(8.0, 0.04383967528406031)	(9.0, 0.03741489528553423)	('>10', 0.43423954225332145)	('>50', 0.27966689405348816)	('>100', 1.2405494320683446)	('>500', 2.363752147104786)	('>1k', 22.93400806120926)	('>5k', 70.60965493262485)	('>10k+', 0.0)
SRR33022263_2	(1.0, 0.20804949348168278)	(2.0, 0.06538158469088305)	(3.0, 0.039115572343967606)	(4.0, 0.03779282352074165)	(5.0, 0.0321238999926304)	(6.0, 0.022675694112444987)	(7.0, 0.01587298587871149)	(8.0, 0.027210832934933985)	(9.0, 0.022108801759633864)	('>10', 0.43348368578290675)	('>50', 0.6067637816255071)	('>100', 1.866398589571826)	('>500', 2.5476142335331944)	('>1k', 1.9444407701421578)	('>5k', 0.0)	('>10k+', 92.13096725062879)
SRR33075535_1	(1.0, 1.4264644254684582)	(2.0, 0.6608681319279389)	(3.0, 0.6160068481488307)	(4.0, 0.6558921836404815)	(5.0, 0.6748629864864129)	(6.0, 0.6838818927574295)	(7.0, 0.62261552946811)	(8.0, 0.5579282017311635)	(9.0, 0.45623225860625244)	('>10', 3.5375882356142614)	('>50', 1.0674186568516086)	('>100', 4.355509735365075)	('>500', 2.859382033872213)	('>1k', 11.618139508485157)	('>5k', 9.016107300104883)	('>10k+', 61.191102071471725)
SRR33075535_2	(1.0, 63.4587977465368)	(2.0, 11.667417207045316)	(3.0, 5.896935141140401)	(4.0, 4.451833232196654)	(5.0, 3.6652046948847605)	(6.0, 2.7633900719939124)	(7.0, 2.0850867493449825)	(8.0, 1.565803090986305)	(9.0, 1.2180033117858367)	('>10', 3.227528754085044)	('>50', 0.0)	('>100', 0.0)	('>500', 0.0)	('>1k', 0.0)	('>5k', 0.0)	('>10k+', 0.0)
SRR33075536_1	(1.0, 1.7000924241737496)	(2.0, 0.815263980387945)	(3.0, 0.8232451723641867)	(4.0, 0.8308322314033301)	(5.0, 0.8252158370496785)	(6.0, 0.7206720754843401)	(7.0, 0.6883531746422751)	(8.0, 0.542326921447335)	(9.0, 0.47177712570672964)	('>10', 3.409249905900761)	('>50', 1.2418143515626385)	('>100', 4.9626263442396485)	('>500', 3.626023021304856)	('>1k', 12.470464663026192)	('>5k', 11.3494520566842)	('>10k+', 55.52259071462213)
SRR33075536_2	(1.0, 56.723350931941695)	(2.0, 7.723453990226218)	(3.0, 2.9319792573689503)	(4.0, 2.1969173072561055)	(5.0, 1.8070213832796642)	(6.0, 1.537022915696466)	(7.0, 1.4593273961546638)	(8.0, 1.2711802404254262)	(9.0, 1.1083981187406717)	('>10', 22.524348323536138)	('>50', 0.717000135373988)	('>100', 0.0)	('>500', 0.0)	('>1k', 0.0)	('>5k', 0.0)	('>10k+', 0.0)
SRR33075537_1	(1.0, 1.7396529201886588)	(2.0, 0.8107154821133902)	(3.0, 0.7869647443339425)	(4.0, 0.8068161072540779)	(5.0, 0.7586056544480346)	(6.0, 0.6689200326838511)	(7.0, 0.5744488145014206)	(8.0, 0.47359680109466085)	(9.0, 0.37965731584759116)	('>10', 2.882346998278958)	('>50', 1.2091606950103952)	('>100', 5.073175314121232)	('>500', 3.786647477015844)	('>1k', 15.274383056861748)	('>5k', 10.937126125279823)	('>10k+', 53.83778246096638)
SRR33075537_2	(1.0, 57.48921488849833)	(2.0, 8.424066174913811)	(3.0, 3.384157370160243)	(4.0, 2.370758005694111)	(5.0, 2.139887162124774)	(6.0, 2.0540474532514943)	(7.0, 1.9714324657708255)	(8.0, 1.9839282116545496)	(9.0, 1.9074171241691806)	('>10', 18.256268701982247)	('>50', 0.01882244178037719)	('>100', 0.0)	('>500', 0.0)	('>1k', 0.0)	('>5k', 0.0)	('>10k+', 0.0)
SRR33075538_1	(1.0, 1.8787387649067204)	(2.0, 0.8029885197735063)	(3.0, 0.7332082674130518)	(4.0, 0.7665515407084414)	(5.0, 0.756239188142857)	(6.0, 0.7393956789524024)	(7.0, 0.6568968584277272)	(8.0, 0.5761167633306492)	(9.0, 0.4772041149724187)	('>10', 3.6611429695966065)	('>50', 1.4620337849857303)	('>100', 5.295307106156217)	('>500', 4.9317107419479855)	('>1k', 19.145054410550223)	('>5k', 11.79784695265685)	('>10k+', 46.31956433747861)
SRR33075538_2	(1.0, 56.58787350639797)	(2.0, 8.15696060010684)	(3.0, 2.954964661057392)	(4.0, 2.0568072249152083)	(5.0, 1.7656298988614247)	(6.0, 1.6768174556153745)	(7.0, 1.5539600543928829)	(8.0, 1.3696152588166768)	(9.0, 1.409746403267068)	('>10', 22.03780695121619)	('>50', 0.40198868170715263)	('>100', 0.027829303645762304)	('>500', 0.0)	('>1k', 0.0)	('>5k', 0.0)	('>10k+', 0.0)
SRR33075539_1	(1.0, 2.1539099131508523)	(2.0, 0.7801352931310661)	(3.0, 0.5618578376919955)	(4.0, 0.5413183666623724)	(5.0, 0.5882310046353576)	(6.0, 0.6245700687646906)	(7.0, 0.5980753664897922)	(8.0, 0.565868503632691)	(9.0, 0.5950369832013864)	('>10', 4.844276779702628)	('>50', 0.9765363888936153)	('>100', 4.1536522582479956)	('>500', 3.652926692318724)	('>1k', 18.48680004764185)	('>5k', 13.723587334073889)	('>10k+', 47.1532171617611)
SRR33075539_2	(1.0, 53.797841674833)	(2.0, 12.968856225591816)	(3.0, 3.8506913984287787)	(4.0, 2.16147677491715)	(5.0, 1.7863495434466918)	(6.0, 1.6663816985403288)	(7.0, 1.7679752137626095)	(8.0, 1.8633938793859859)	(9.0, 1.8789367547130127)	('>10', 18.22354212622683)	('>50', 0.03455471015388453)	('>100', 0.0)	('>500', 0.0)	('>1k', 0.0)	('>5k', 0.0)	('>10k+', 0.0)
SRR33075540_1	(1.0, 2.187926038988171)	(2.0, 0.9303897873333488)	(3.0, 0.8329236495234369)	(4.0, 0.8240006932450648)	(5.0, 0.7554483656833397)	(6.0, 0.643482423921073)	(7.0, 0.550134573624256)	(8.0, 0.45918905771007773)	(9.0, 0.33821436201291594)	('>10', 2.770234733808481)	('>50', 1.0824232346917677)	('>100', 4.330036129393162)	('>500', 4.898788794482868)	('>1k', 19.597986500596722)	('>5k', 12.463568170099002)	('>10k+', 47.335253484886316)
SRR33075540_2	(1.0, 56.10245642336742)	(2.0, 12.181225530600493)	(3.0, 3.502745674161368)	(4.0, 1.9838597435304857)	(5.0, 1.6066252414366065)	(6.0, 1.4936875776735936)	(7.0, 1.2508851903839053)	(8.0, 1.1974341567358486)	(9.0, 1.1318609242190172)	('>10', 19.080675932625354)	('>50', 0.4377060426703099)	('>100', 0.030837562595656186)	('>500', 0.0)	('>1k', 0.0)	('>5k', 0.0)	('>10k+', 0.0)
SRR33075541_1	(1.0, 4.6289508995129705)	(2.0, 2.045025345393102)	(3.0, 1.070656495378193)	(4.0, 0.6945134678461385)	(5.0, 0.3773854487625484)	(6.0, 0.3540900506907862)	(7.0, 0.2543857469436438)	(8.0, 0.23606003379385748)	(9.0, 0.1872950004969685)	('>10', 4.450663452937084)	('>50', 3.057598648245701)	('>100', 20.038390816022265)	('>500', 13.17867259715734)	('>1k', 33.50903240234569)	('>5k', 15.91727959447371)	('>10k+', 0.0)
SRR33075541_2	(1.0, 57.21751506628734)	(2.0, 5.950546668783931)	(3.0, 3.6235552062853684)	(4.0, 2.7733730429066217)	(5.0, 2.569727752840342)	(6.0, 2.398889595191556)	(7.0, 2.287883735108041)	(8.0, 2.2780557638610226)	(9.0, 2.409440083253743)	('>10', 18.49101308548202)	('>50', 0.0)	('>100', 0.0)	('>500', 0.0)	('>1k', 0.0)	('>5k', 0.0)	('>10k+', 0.0)
SRR33075542_1	(1.0, 4.419048353215517)	(2.0, 2.138631088890296)	(3.0, 1.483386239307533)	(4.0, 0.9217477968080214)	(5.0, 0.5588853128794157)	(6.0, 0.4047100541540596)	(7.0, 0.312204898918846)	(8.0, 0.18941531786258028)	(9.0, 0.19079188267262812)	('>10', 4.446854962378484)	('>50', 2.950253700894492)	('>100', 16.56365373338142)	('>500', 13.387918716601096)	('>1k', 33.5521153671436)	('>5k', 12.779477070559958)	('>10k+', 5.70090550433205)
SRR33075542_2	(1.0, 52.466340091446696)	(2.0, 5.216658060067117)	(3.0, 3.101210922273)	(4.0, 2.068487389994079)	(5.0, 1.5203390866682633)	(6.0, 1.1579584147186426)	(7.0, 1.0252573444948851)	(8.0, 0.8253032870017966)	(9.0, 0.7718223419448473)	('>10', 30.08480095302962)	('>50', 1.7321516284448168)	('>100', 0.029670479916263315)	('>500', 0.0)	('>1k', 0.0)	('>5k', 0.0)	('>10k+', 0.0)
SRR33075543_1	(1.0, 4.1007889991611135)	(2.0, 2.237959471473681)	(3.0, 1.6220328921515346)	(4.0, 1.1716539997603181)	(5.0, 0.7636374784356023)	(6.0, 0.45651028820347317)	(7.0, 0.35506355749159024)	(8.0, 0.25194462792181915)	(9.0, 0.18059747665192344)	('>10', 4.6255807407283545)	('>50', 3.9603242950985065)	('>100', 19.559152641098745)	('>500', 14.738203333807123)	('>1k', 34.05795283841821)	('>5k', 9.046317121365407)	('>10k+', 2.872280238232597)
SRR33075543_2	(1.0, 62.535899873350054)	(2.0, 9.731522317091017)	(3.0, 7.710580978978129)	(4.0, 6.327030264322235)	(5.0, 4.737418917015434)	(6.0, 3.2676600630302115)	(7.0, 2.0852441089117093)	(8.0, 1.4840211945618653)	(9.0, 0.8536450297845376)	('>10', 1.266977252954784)	('>50', 0.0)	('>100', 0.0)	('>500', 0.0)	('>1k', 0.0)	('>5k', 0.0)	('>10k+', 0.0)
SRR33075544_1	(1.0, 4.397271826312841)	(2.0, 1.8897773509876703)	(3.0, 1.0913925873945078)	(4.0, 0.59094014884305)	(5.0, 0.3754932195773547)	(6.0, 0.3250170818636775)	(7.0, 0.23483715289960788)	(8.0, 0.19205554837399125)	(9.0, 0.1828221085483186)	('>10', 4.593944094599669)	('>50', 3.445611961613513)	('>100', 18.868226502434553)	('>500', 13.581158858254389)	('>1k', 32.285645694447005)	('>5k', 13.865241023557584)	('>10k+', 4.0805648402922685)
SRR33075544_2	(1.0, 53.0310370558855)	(2.0, 5.000492752178092)	(3.0, 2.6762613359909455)	(4.0, 1.7721854791932483)	(5.0, 1.3049207653531627)	(6.0, 1.0858842077868467)	(7.0, 1.002913789065766)	(8.0, 0.9109238661254354)	(9.0, 0.8144002558951761)	('>10', 31.43537512219658)	('>50', 0.9656053703292465)	('>100', 0.0)	('>500', 0.0)	('>1k', 0.0)	('>5k', 0.0)	('>10k+', 0.0)
SRR33075545_1	(1.0, 4.4812298910089465)	(2.0, 2.2473125758313435)	(3.0, 1.6885756458705246)	(4.0, 1.2303031708127574)	(5.0, 0.8397798025229459)	(6.0, 0.5007766675167505)	(7.0, 0.41834429426296443)	(8.0, 0.29263492505094063)	(9.0, 0.22256740778522247)	('>10', 4.722859785109107)	('>50', 3.0713787072027863)	('>100', 15.495740564713275)	('>500', 16.303062620267543)	('>1k', 33.666154040345496)	('>5k', 11.373864300857555)	('>10k+', 3.4454156008418404)
SRR33075545_2	(1.0, 53.029709037053266)	(2.0, 5.426653852409388)	(3.0, 3.4091702784502234)	(4.0, 2.4983222738603215)	(5.0, 1.9434557126531102)	(6.0, 1.6172152606570571)	(7.0, 1.3534008205681602)	(8.0, 1.291918253302488)	(9.0, 1.0538408215830495)	('>10', 28.14043630498692)	('>50', 0.23587738447602263)	('>100', 0.0)	('>500', 0.0)	('>1k', 0.0)	('>5k', 0.0)	('>10k+', 0.0)
SRR33075546_1	(1.0, 4.717973816224152)	(2.0, 2.269056649944941)	(3.0, 1.54808515844855)	(4.0, 1.000856478649211)	(5.0, 0.6209470206778417)	(6.0, 0.43313348831518417)	(7.0, 0.3061911170928667)	(8.0, 0.2691790040376851)	(9.0, 0.19821363024593175)	('>10', 4.877340022023737)	('>50', 3.794812186467637)	('>100', 19.170745136424813)	('>500', 13.610669276887311)	('>1k', 31.57867368163465)	('>5k', 12.17453811329989)	('>10k+', 3.4295852196255963)
SRR33075546_2	(1.0, 54.21101359434306)	(2.0, 5.366332831304852)	(3.0, 3.2782649508834756)	(4.0, 2.1431485741340075)	(5.0, 1.6140231362833763)	(6.0, 1.213138798105663)	(7.0, 1.0762750550988633)	(8.0, 0.9198619129181576)	(9.0, 0.9927739851836179)	('>10', 28.68034648389243)	('>50', 0.504820677852489)	('>100', 0.0)	('>500', 0.0)	('>1k', 0.0)	('>5k', 0.0)	('>10k+', 0.0)
SRR33075547_1	(1.0, 2.0058002139025217)	(2.0, 0.8284795928712486)	(3.0, 0.6740499686571405)	(4.0, 0.7113900950852398)	(5.0, 0.6950404030163397)	(6.0, 0.6909708290079235)	(7.0, 0.658200048834888)	(8.0, 0.5763087964199172)	(9.0, 0.5172642752802652)	('>10', 3.667257349864847)	('>50', 0.9534226545331485)	('>100', 3.7804914617481464)	('>500', 4.052795940135852)	('>1k', 16.403167699291323)	('>5k', 12.165241839790152)	('>10k+', 51.620118831561044)
SRR33075547_2	(1.0, 60.45392986581037)	(2.0, 16.253557051068118)	(3.0, 6.399707975978402)	(4.0, 3.9990104607275208)	(5.0, 3.093808558103299)	(6.0, 2.3469639843880197)	(7.0, 1.7469887944555549)	(8.0, 1.2969691808002364)	(9.0, 1.0451147395544766)	('>10', 3.363949389113979)	('>50', 0.0)	('>100', 0.0)	('>500', 0.0)	('>1k', 0.0)	('>5k', 0.0)	('>10k+', 0.0)
SRR33075548_1	(1.0, 5.3032160731259035)	(2.0, 2.2433809053394147)	(3.0, 1.3584995551071595)	(4.0, 0.8893186016585978)	(5.0, 0.587351965118533)	(6.0, 0.4497971709019064)	(7.0, 0.3416683598283951)	(8.0, 0.28772072406601695)	(9.0, 0.2564264245328625)	('>10', 4.800171885107884)	('>50', 3.1990247388444)	('>100', 11.56954924531695)	('>500', 7.212868963294588)	('>1k', 36.160796650108715)	('>5k', 7.429827204087876)	('>10k+', 17.910381533560802)
SRR33075548_2	(1.0, 60.354757899545774)	(2.0, 6.698849563311038)	(3.0, 3.116200081873308)	(4.0, 2.2008549753926374)	(5.0, 1.9533104575410853)	(6.0, 1.9208562856254312)	(7.0, 1.939703968299043)	(8.0, 2.0712862076216485)	(9.0, 2.076187267872989)	('>10', 17.66799329291702)	('>50', 0.0)	('>100', 0.0)	('>500', 0.0)	('>1k', 0.0)	('>5k', 0.0)	('>10k+', 0.0)
SRR33075549_1	(1.0, 6.154364866098137)	(2.0, 2.393603536915542)	(3.0, 1.5872009896873767)	(4.0, 1.0505288134905746)	(5.0, 0.7022115862376669)	(6.0, 0.5171522151353215)	(7.0, 0.45605727207276636)	(8.0, 0.3366559518135818)	(9.0, 0.32626220631331315)	('>10', 5.745206201770485)	('>50', 3.415232667795613)	('>100', 13.551669590435726)	('>500', 7.973777340620786)	('>1k', 30.789316243649672)	('>5k', 11.31473275398765)	('>10k+', 13.686027763975787)
SRR33075549_2	(1.0, 57.7173300125115)	(2.0, 6.119094072856064)	(3.0, 2.9114205333588368)	(4.0, 1.9001479943541886)	(5.0, 1.3435592722503096)	(6.0, 1.0792232519327838)	(7.0, 0.8865179917768631)	(8.0, 0.7453647404888084)	(9.0, 0.7311308412679235)	('>10', 26.23276718764773)	('>50', 0.3334441015549702)	('>100', 0.0)	('>500', 0.0)	('>1k', 0.0)	('>5k', 0.0)	('>10k+', 0.0)
SRR33075550_1	(1.0, 4.795334696450545)	(2.0, 2.3824311404824874)	(3.0, 1.5701435460121842)	(4.0, 1.1146856107393166)	(5.0, 0.7176137539922354)	(6.0, 0.5443164292842239)	(7.0, 0.40707425266982555)	(8.0, 0.3498512434373815)	(9.0, 0.2784387888261607)	('>10', 5.558075539024464)	('>50', 3.4766467316589784)	('>100', 14.118032924165554)	('>500', 9.479014740740224)	('>1k', 28.927394236293807)	('>5k', 17.784957792215344)	('>10k+', 8.495988574007264)
SRR33075550_2	(1.0, 66.23066442913894)	(2.0, 10.606883923147706)	(3.0, 7.422109248436872)	(4.0, 6.0232536781226615)	(5.0, 4.100391266602156)	(6.0, 2.694117286057887)	(7.0, 1.4274044288257175)	(8.0, 0.7680054453012722)	(9.0, 0.43046381981029397)	('>10', 0.2967064745565135)	('>50', 0.0)	('>100', 0.0)	('>500', 0.0)	('>1k', 0.0)	('>5k', 0.0)	('>10k+', 0.0)
SRR33075551_1	(1.0, 5.168892760356175)	(2.0, 2.0412311265969802)	(3.0, 1.2304006968641115)	(4.0, 0.7810685249709639)	(5.0, 0.544425087108014)	(6.0, 0.43699186991869915)	(7.0, 0.3302845528455285)	(8.0, 0.2942315137437089)	(9.0, 0.2787456445993031)	('>10', 5.8509969028261715)	('>50', 3.369386372435153)	('>100', 15.313104916763454)	('>500', 9.559378629500582)	('>1k', 32.16971544715447)	('>5k', 8.939217963608208)	('>10k+', 13.691927990708477)
SRR33075551_2	(1.0, 58.30488454632944)	(2.0, 5.872571873809232)	(3.0, 2.3555814599724876)	(4.0, 1.456206515723348)	(5.0, 1.0835256818079775)	(6.0, 0.8741321888650684)	(7.0, 0.8366206364068876)	(8.0, 0.7660037591785028)	(9.0, 0.7251813258385518)	('>10', 27.426924152493452)	('>50', 0.2983678595750337)	('>100', 0.0)	('>500', 0.0)	('>1k', 0.0)	('>5k', 0.0)	('>10k+', 0.0)
SRR33075552_1	(1.0, 5.936323027064903)	(2.0, 2.570180432688097)	(3.0, 1.8754926863449242)	(4.0, 1.2963125164228781)	(5.0, 0.8608325304370674)	(6.0, 0.63392309713585)	(7.0, 0.5288166768853464)	(8.0, 0.37663133923097136)	(9.0, 0.32024612420075327)	('>10', 5.643448366471052)	('>50', 3.54953140054305)	('>100', 13.060841289305422)	('>500', 7.709172724883945)	('>1k', 36.8329574318998)	('>5k', 10.242949110974862)	('>10k+', 8.56234124551108)
SRR33075552_2	(1.0, 61.658916646899876)	(2.0, 6.666871297140552)	(3.0, 3.39527564049512)	(4.0, 2.395605131193713)	(5.0, 1.8776971004937686)	(6.0, 1.554657961880572)	(7.0, 1.546923420370303)	(8.0, 1.5401194226939203)	(9.0, 1.3918396354104885)	('>10', 17.97209374342167)	('>50', 0.0)	('>100', 0.0)	('>500', 0.0)	('>1k', 0.0)	('>5k', 0.0)	('>10k+', 0.0)
SRR33075553_1	(1.0, 6.248602602513079)	(2.0, 2.610897464562)	(3.0, 1.7774896033626975)	(4.0, 1.1436301032956222)	(5.0, 0.7881321826230827)	(6.0, 0.598645083396682)	(7.0, 0.4010530787461432)	(8.0, 0.3666771005679023)	(9.0, 0.31189911908062423)	('>10', 6.105509099852434)	('>50', 3.567555784107678)	('>100', 14.777198944685418)	('>500', 8.843569735724186)	('>1k', 30.61809685641461)	('>5k', 16.57984170281268)	('>10k+', 5.261201538255154)
SRR33075553_2	(1.0, 58.846976215963224)	(2.0, 5.963817486141868)	(3.0, 2.870321826073352)	(4.0, 2.110066338805813)	(5.0, 1.5242763982581191)	(6.0, 1.1204978632766085)	(7.0, 0.9542890412809439)	(8.0, 0.8815841477018221)	(9.0, 0.8070858893117326)	('>10', 24.82875609065012)	('>50', 0.09232870253640432)	('>100', 0.0)	('>500', 0.0)	('>1k', 0.0)	('>5k', 0.0)	('>10k+', 0.0)
SRR33075554_1	(1.0, 4.047488555459357)	(2.0, 2.181677614769746)	(3.0, 1.6338753107699149)	(4.0, 1.132142412713038)	(5.0, 0.713546258714134)	(6.0, 0.4622826596344631)	(7.0, 0.32433920850642456)	(8.0, 0.18215949016524088)	(9.0, 0.19778072551371362)	('>10', 3.3471806317863013)	('>50', 3.1446341056577993)	('>100', 16.288976967944695)	('>500', 12.453301773142595)	('>1k', 34.908959969922506)	('>5k', 14.80840157695047)	('>10k+', 4.173252738349603)
SRR33075554_2	(1.0, 63.848890829702164)	(2.0, 8.945610461450627)	(3.0, 6.730175602049392)	(4.0, 5.922058013602438)	(5.0, 4.953585771978783)	(6.0, 3.5603459879258184)	(7.0, 2.5219477621075974)	(8.0, 1.621221506657907)	(9.0, 0.8553584690081057)	('>10', 1.0408055955171625)	('>50', 0.0)	('>100', 0.0)	('>500', 0.0)	('>1k', 0.0)	('>5k', 0.0)	('>10k+', 0.0)
SRR33075555_1	(1.0, 3.50305884178647)	(2.0, 1.9558159214957893)	(3.0, 1.398119836764781)	(4.0, 0.9708761405491125)	(5.0, 0.6655981532985298)	(6.0, 0.3724439939768823)	(7.0, 0.3377698461001283)	(8.0, 0.24829599598458818)	(9.0, 0.14184878676853915)	('>10', 2.657785558581124)	('>50', 2.5574002633295425)	('>100', 13.609481803346663)	('>500', 7.355768881043426)	('>1k', 43.10117819359813)	('>5k', 6.689200821510581)	('>10k+', 14.435356961865711)
SRR33075555_2	(1.0, 61.61220757182274)	(2.0, 5.975469454678361)	(3.0, 3.4834138466282223)	(4.0, 2.7328470852443743)	(5.0, 2.2674230151148835)	(6.0, 2.152497166036297)	(7.0, 2.2294551549757764)	(8.0, 2.3090065289644564)	(9.0, 2.339570133412717)	('>10', 14.898110043122179)	('>50', 0.0)	('>100', 0.0)	('>500', 0.0)	('>1k', 0.0)	('>5k', 0.0)	('>10k+', 0.0)
SRR33075556_1	(1.0, 3.4167740378607347)	(2.0, 1.9460400498144885)	(3.0, 1.6540909502242944)	(4.0, 1.3134477572707175)	(5.0, 0.9070890843355841)	(6.0, 0.6502600609322549)	(7.0, 0.46302480813234453)	(8.0, 0.3119869344698161)	(9.0, 0.21136683889149835)	('>10', 3.2019598295275813)	('>50', 2.45926717544094)	('>100', 15.203761080060845)	('>500', 10.052960213047433)	('>1k', 37.83466416157821)	('>5k', 14.801280697747575)	('>10k+', 5.572026320665687)
SRR33075556_2	(1.0, 64.16169664339125)	(2.0, 12.41948883804913)	(3.0, 8.971601911828868)	(4.0, 6.288780474997484)	(5.0, 3.8197259016560277)	(6.0, 2.2599618053282655)	(7.0, 1.0383274878307929)	(8.0, 0.4961872469108727)	(9.0, 0.25799635685976313)	('>10', 0.28623333314753685)	('>50', 0.0)	('>100', 0.0)	('>500', 0.0)	('>1k', 0.0)	('>5k', 0.0)	('>10k+', 0.0)
SRR33075557_1	(1.0, 3.611080732819491)	(2.0, 1.7635787001155434)	(3.0, 1.1547184883339434)	(4.0, 0.7208372362834089)	(5.0, 0.45765556723138584)	(6.0, 0.2596155217748953)	(7.0, 0.224667278459044)	(8.0, 0.19019452144680973)	(9.0, 0.14121943217425623)	('>10', 3.152949679284488)	('>50', 2.608280118491187)	('>100', 15.251223188516056)	('>500', 13.027849232802849)	('>1k', 36.03972212580417)	('>5k', 14.244618683758814)	('>10k+', 7.151789492703663)
SRR33075557_2	(1.0, 60.69514306403825)	(2.0, 6.344695994662603)	(3.0, 3.1074213513341116)	(4.0, 2.199520072827589)	(5.0, 1.8111352132020273)	(6.0, 1.6626116813775356)	(7.0, 1.7927865175435018)	(8.0, 1.9302995405726178)	(9.0, 1.995992606377177)	('>10', 18.448297427141153)	('>50', 0.012096530923409059)	('>100', 0.0)	('>500', 0.0)	('>1k', 0.0)	('>5k', 0.0)	('>10k+', 0.0)
SRR33075558_1	(1.0, 2.5152652770000707)	(2.0, 0.9479596799923501)	(3.0, 0.823649157456011)	(4.0, 0.8628180055332894)	(5.0, 0.834406798829348)	(6.0, 0.7657233962149653)	(7.0, 0.7665509070898373)	(8.0, 0.5700630471341)	(9.0, 0.4816113291755509)	('>10', 3.3821288912549567)	('>50', 1.068132648154329)	('>100', 4.749912421765743)	('>500', 5.47674280686172)	('>1k', 18.875155273221104)	('>5k', 16.115958179439296)	('>10k+', 41.76392218087733)
SRR33075558_2	(1.0, 57.5492272439658)	(2.0, 9.64635007258897)	(3.0, 2.829955170444611)	(4.0, 1.831630212342828)	(5.0, 1.5678726853610654)	(6.0, 1.5423568554148983)	(7.0, 1.491302277165782)	(8.0, 1.2953976700004068)	(9.0, 1.2726858096924902)	('>10', 20.654650193081373)	('>50', 0.30874018756265004)	('>100', 0.009831622379130087)	('>500', 0.0)	('>1k', 0.0)	('>5k', 0.0)	('>10k+', 0.0)
SRR33075559_1	(1.0, 3.5360030678719916)	(2.0, 1.985231189408359)	(3.0, 1.7474243437513155)	(4.0, 1.5124234785740007)	(5.0, 1.1036856553601242)	(6.0, 0.8572270365572491)	(7.0, 0.5205093789897535)	(8.0, 0.3554241940990231)	(9.0, 0.23570236029724687)	('>10', 2.9184535306249386)	('>50', 2.5335665414887596)	('>100', 13.261765242319798)	('>500', 11.049951129173312)	('>1k', 38.16250368284938)	('>5k', 13.931225418441839)	('>10k+', 6.288903750192912)
SRR33075559_2	(1.0, 59.63475389248818)	(2.0, 6.847161757445405)	(3.0, 4.442497027408397)	(4.0, 3.937206036311992)	(5.0, 3.968750588375928)	(6.0, 3.7472584210493514)	(7.0, 3.41588791154162)	(8.0, 3.257533210071785)	(9.0, 2.7467610287257442)	('>10', 8.00219012658162)	('>50', 0.0)	('>100', 0.0)	('>500', 0.0)	('>1k', 0.0)	('>5k', 0.0)	('>10k+', 0.0)
SRR33075560_1	(1.0, 3.892785298754961)	(2.0, 2.0339545650948443)	(3.0, 1.1812274120303203)	(4.0, 0.7359779321080389)	(5.0, 0.426363576532262)	(6.0, 0.2781378499257441)	(7.0, 0.21432638847158672)	(8.0, 0.1671116299965376)	(9.0, 0.13134287357604582)	('>10', 3.56686039025144)	('>50', 2.682656731536883)	('>100', 15.224041182715393)	('>500', 12.735108035951892)	('>1k', 43.2718969173055)	('>5k', 10.503137635313205)	('>10k+', 2.955071580435349)
SRR33075560_2	(1.0, 64.16579567432011)	(2.0, 6.832520959301112)	(3.0, 4.257107040629113)	(4.0, 3.6399755317392284)	(5.0, 3.651088891767512)	(6.0, 3.475152218799234)	(7.0, 3.1197869853922273)	(8.0, 2.751879588654524)	(9.0, 2.2589093789900225)	('>10', 5.847783730406918)	('>50', 0.0)	('>100', 0.0)	('>500', 0.0)	('>1k', 0.0)	('>5k', 0.0)	('>10k+', 0.0)
SRR33075561_1	(1.0, 6.486898118000354)	(2.0, 2.9357472297417293)	(3.0, 1.9414680350675142)	(4.0, 1.2787049345309531)	(5.0, 0.9054802408873438)	(6.0, 0.6619558373203166)	(7.0, 0.5669678655422388)	(8.0, 0.4154714686270606)	(9.0, 0.36569023695866276)	('>10', 7.270212525496063)	('>50', 4.779805503382433)	('>100', 18.371427187548772)	('>500', 12.262328254750745)	('>1k', 29.161038248131188)	('>5k', 5.858847335762299)	('>10k+', 6.737956978252329)
SRR33075561_2	(1.0, 60.444676774913894)	(2.0, 11.472816572336313)	(3.0, 6.9212298198464115)	(4.0, 5.48394246056386)	(5.0, 4.4713967672712975)	(6.0, 3.440491401757659)	(7.0, 2.2475387974707095)	(8.0, 1.723740164410623)	(9.0, 1.2895088482653796)	('>10', 2.504658393163862)	('>50', 0.0)	('>100', 0.0)	('>500', 0.0)	('>1k', 0.0)	('>5k', 0.0)	('>10k+', 0.0)
SRR33075562_1	(1.0, 6.9656438337507005)	(2.0, 3.1040961811692673)	(3.0, 2.010481122526365)	(4.0, 1.3285581182268145)	(5.0, 0.8233841086867023)	(6.0, 0.6797562040135332)	(7.0, 0.55036727264848)	(8.0, 0.4506944594916687)	(9.0, 0.4540994313696964)	('>10', 7.856817837099954)	('>50', 4.738792225520574)	('>100', 19.86367730771969)	('>500', 9.996997433889375)	('>1k', 32.114766124863415)	('>5k', 9.061868339023764)	('>10k+', 0.0)
SRR33075562_2	(1.0, 58.53295735712618)	(2.0, 8.889786624595947)	(3.0, 4.218241571640792)	(4.0, 3.562326856806144)	(5.0, 2.8789036541011743)	(6.0, 2.933361045859323)	(7.0, 2.533449000821609)	(8.0, 2.369036281824132)	(9.0, 2.3486179338798765)	('>10', 11.733319673344816)	('>50', 0.0)	('>100', 0.0)	('>500', 0.0)	('>1k', 0.0)	('>5k', 0.0)	('>10k+', 0.0)
SRR33075563_1	(1.0, 5.217806584928029)	(2.0, 2.468140142491331)	(3.0, 1.8708955695379252)	(4.0, 1.3416632908287465)	(5.0, 1.0759321958308092)	(6.0, 0.7169164786727568)	(7.0, 0.5853517127576942)	(8.0, 0.43706261219241166)	(9.0, 0.394694297745188)	('>10', 7.071048690112945)	('>50', 4.15859872374744)	('>100', 15.375238321768766)	('>500', 11.696628002482633)	('>1k', 29.844203531436175)	('>5k', 6.540143977938745)	('>10k+', 11.205675867528402)
SRR33075563_2	(1.0, 65.17396522523381)	(2.0, 14.648074024093022)	(3.0, 7.869729470224761)	(4.0, 5.141215934684502)	(5.0, 3.1607524292368767)	(6.0, 1.8870530409693305)	(7.0, 1.0269888090500867)	(8.0, 0.5084106179345169)	(9.0, 0.24878702297040392)	('>10', 0.33502342560266607)	('>50', 0.0)	('>100', 0.0)	('>500', 0.0)	('>1k', 0.0)	('>5k', 0.0)	('>10k+', 0.0)
SRR33075564_1	(1.0, 6.233720951412)	(2.0, 2.533351721123147)	(3.0, 1.572156029070055)	(4.0, 1.058512202293443)	(5.0, 0.7207666667534016)	(6.0, 0.5838990614421058)	(7.0, 0.5100009627569194)	(8.0, 0.4371436823630738)	(9.0, 0.3793782671936677)	('>10', 7.684881854113704)	('>50', 4.81196316544067)	('>100', 17.63224246902915)	('>500', 12.973019387842722)	('>1k', 31.499845178279163)	('>5k', 8.24510229942781)	('>10k+', 3.1240161014589667)
SRR33075564_2	(1.0, 57.61853958205161)	(2.0, 7.622578066391919)	(3.0, 3.3644499924290217)	(4.0, 2.425649364181467)	(5.0, 2.111865974932709)	(6.0, 2.138425046243995)	(7.0, 2.025854248494269)	(8.0, 2.049802969836197)	(9.0, 1.9868904771312306)	('>10', 18.640959694343934)	('>50', 0.014984583963636952)	('>100', 0.0)	('>500', 0.0)	('>1k', 0.0)	('>5k', 0.0)	('>10k+', 0.0)
SRR33075565_1	(1.0, 6.693101409766915)	(2.0, 3.079750831894137)	(3.0, 2.307102530145675)	(4.0, 1.7471713017820218)	(5.0, 1.1836259483851315)	(6.0, 0.9076616869186744)	(7.0, 0.592716505450875)	(8.0, 0.5617382908802717)	(9.0, 0.4577031202806626)	('>10', 8.053045029416396)	('>50', 4.249436583722497)	('>100', 18.312771543412097)	('>500', 9.900121073188615)	('>1k', 28.805867273839674)	('>5k', 3.5754022650237887)	('>10k+', 9.572784605892574)
SRR33075565_2	(1.0, 56.25919251674772)	(2.0, 9.62436886639544)	(3.0, 5.043894167304231)	(4.0, 4.341927655717228)	(5.0, 3.976959364586289)	(6.0, 3.422287885661092)	(7.0, 2.9864365690275685)	(8.0, 2.5954392919242726)	(9.0, 2.1502083960494844)	('>10', 9.5992852865867)	('>50', 0.0)	('>100', 0.0)	('>500', 0.0)	('>1k', 0.0)	('>5k', 0.0)	('>10k+', 0.0)
SRR33075566_1	(1.0, 6.700630342802867)	(2.0, 2.8021631855497673)	(3.0, 1.7768567289334063)	(4.0, 1.1948050286708434)	(5.0, 0.8922660679849178)	(6.0, 0.6351399322645329)	(7.0, 0.47907332252380175)	(8.0, 0.4758752362586228)	(9.0, 0.46628097746308605)	('>10', 8.029435185984706)	('>50', 4.787854947599357)	('>100', 19.823017906085)	('>500', 10.552725249210871)	('>1k', 31.016000025584688)	('>5k', 10.367875863083531)	('>10k+', 0.0)
SRR33075566_2	(1.0, 60.69199532155201)	(2.0, 9.590786588823223)	(3.0, 4.9911552455942285)	(4.0, 4.121910943356647)	(5.0, 3.684973653782772)	(6.0, 3.332448009998632)	(7.0, 2.8081677962718077)	(8.0, 2.4131590007512775)	(9.0, 2.0119058476246168)	('>10', 6.35349759224477)	('>50', 0.0)	('>100', 0.0)	('>500', 0.0)	('>1k', 0.0)	('>5k', 0.0)	('>10k+', 0.0)
SRR33075567_1	(1.0, 1.7731708684469252)	(2.0, 0.6810999881036541)	(3.0, 0.5511289905745388)	(4.0, 0.5852455228033807)	(5.0, 0.5702041659089013)	(6.0, 0.6337880836901097)	(7.0, 0.6293440464258317)	(8.0, 0.5945438161563317)	(9.0, 0.6005603589141234)	('>10', 4.647163952157546)	('>50', 1.2304513637724817)	('>100', 4.96063950379931)	('>500', 3.564733214187555)	('>1k', 16.630612989989295)	('>5k', 9.092363503104671)	('>10k+', 53.254949631965346)
SRR33075567_2	(1.0, 56.43144881711263)	(2.0, 8.999315381757508)	(3.0, 3.2668062483367817)	(4.0, 2.0502021925209606)	(5.0, 1.8554311746089236)	(6.0, 1.843941105658442)	(7.0, 1.83464715952988)	(8.0, 1.865072714043875)	(9.0, 1.8391478408118684)	('>10', 19.906750363232128)	('>50', 0.10723700238708694)	('>100', 0.0)	('>500', 0.0)	('>1k', 0.0)	('>5k', 0.0)	('>10k+', 0.0)
SRR33075568_1	(1.0, 1.6429548235407019)	(2.0, 0.7394256375806723)	(3.0, 0.7144742208680214)	(4.0, 0.7015186775749143)	(5.0, 0.7213518549618931)	(6.0, 0.6050718552817831)	(7.0, 0.488152075685964)	(8.0, 0.42929232344073637)	(9.0, 0.3289268491638876)	('>10', 2.8399030733427697)	('>50', 1.3045912206201067)	('>100', 5.13767264061163)	('>500', 3.055189014978847)	('>1k', 13.755907967659125)	('>5k', 10.21776508880945)	('>10k+', 57.31780267587949)
SRR33075568_2	(1.0, 56.272207339013555)	(2.0, 8.477581951965405)	(3.0, 3.0669057870218417)	(4.0, 2.0537491420899157)	(5.0, 1.71945991540708)	(6.0, 1.3926080771674243)	(7.0, 1.2088924291752705)	(8.0, 1.015948485985728)	(9.0, 0.982852724672879)	('>10', 21.86462640466454)	('>50', 1.9362181858529697)	('>100', 0.00894955698336182)	('>500', 0.0)	('>1k', 0.0)	('>5k', 0.0)	('>10k+', 0.0)
SRR33075569_1	(1.0, 2.1979665946519686)	(2.0, 0.9509283209989009)	(3.0, 0.826149275186688)	(4.0, 0.8103534013363811)	(5.0, 0.7542738703651856)	(6.0, 0.6900038862864235)	(7.0, 0.6160390801619704)	(8.0, 0.49945048745732396)	(9.0, 0.44679757462296754)	('>10', 2.9440500119095874)	('>50', 1.0944284024855517)	('>100', 5.0119722694659075)	('>500', 4.460704629695407)	('>1k', 20.437102752577278)	('>5k', 16.250694725933233)	('>10k+', 42.00908471686523)
SRR33075569_2	(1.0, 56.29301942662376)	(2.0, 12.072466902670701)	(3.0, 3.804292025556988)	(4.0, 2.54371566980824)	(5.0, 2.1198408732082825)	(6.0, 2.086049299201202)	(7.0, 2.1996915067192493)	(8.0, 2.032529886069731)	(9.0, 1.9844307657052755)	('>10', 14.849955857986204)	('>50', 0.014007786450349335)	('>100', 0.0)	('>500', 0.0)	('>1k', 0.0)	('>5k', 0.0)	('>10k+', 0.0)
SRR33075570_1	(1.0, 2.1766079346174028)	(2.0, 0.8403024917392418)	(3.0, 0.6800916797613924)	(4.0, 0.673157075226876)	(5.0, 0.7106182378669442)	(6.0, 0.6961771026507347)	(7.0, 0.6430594617317066)	(8.0, 0.5479052489951972)	(9.0, 0.5494780458999329)	('>10', 3.801307137209372)	('>50', 1.0399762078722774)	('>100', 4.6080804585703845)	('>500', 4.896617199820987)	('>1k', 18.80457426532512)	('>5k', 13.191834038470612)	('>10k+', 46.14021341424182)
SRR33075570_2	(1.0, 56.71317149915818)	(2.0, 12.875998867133395)	(3.0, 3.5400467831515154)	(4.0, 1.9083525202470673)	(5.0, 1.561868311235369)	(6.0, 1.4446202258089413)	(7.0, 1.4640232563207645)	(8.0, 1.500679315794832)	(9.0, 1.40304690975404)	('>10', 17.48279551258885)	('>50', 0.10539679880702665)	('>100', 0.0)	('>500', 0.0)	('>1k', 0.0)	('>5k', 0.0)	('>10k+', 0.0)
