Sample	0	1	2	3	4	5	6	7	8	9	10	11	12	13	14	15
ERR4588253_1	(1.0, 9.685518135037816)	(2.0, 2.935496330629587)	(3.0, 1.893245617313946)	(4.0, 1.298296764225819)	(5.0, 1.130714312413561)	(6.0, 1.0204463050872798)	(7.0, 0.7893195778666567)	(8.0, 0.6628540101421647)	(9.0, 0.6335738048069375)	('>10', 7.888834897020895)	('>50', 3.4301449058672553)	('>100', 12.28958746059632)	('>500', 6.656574340572396)	('>1k', 34.098356570602675)	('>5k', 7.518159957138764)	('>10k+', 8.06887701067793)
ERR4588253_2	(1.0, 10.371422519592818)	(2.0, 2.925528601153765)	(3.0, 1.8016671027548312)	(4.0, 1.3780386000323952)	(5.0, 1.1151397351075891)	(6.0, 0.8335513774156169)	(7.0, 0.7718760512839681)	(8.0, 0.6927571985696308)	(9.0, 0.5775053265054386)	('>10', 7.5013394136483145)	('>50', 3.596481391495035)	('>100', 12.700756301473978)	('>500', 5.461692769658232)	('>1k', 34.637236945389304)	('>5k', 7.611607420974595)	('>10k+', 8.02339924494449)
ERR4588254_1	(1.0, 10.457159464196074)	(2.0, 2.846348272551938)	(3.0, 1.6618376207628425)	(4.0, 1.2259024738218742)	(5.0, 0.9159041471082969)	(6.0, 0.8084615452359775)	(7.0, 0.6472976424274982)	(8.0, 0.6411329029758078)	(9.0, 0.515196082748417)	('>10', 8.4932496103004)	('>50', 4.405146676765097)	('>100', 14.60690979224828)	('>500', 10.077587649384848)	('>1k', 28.248597521774744)	('>5k', 5.018978590740562)	('>10k+', 9.43029000695735)
ERR4588254_2	(1.0, 10.664118574359968)	(2.0, 2.8111211899708497)	(3.0, 1.7278884006023831)	(4.0, 1.2223797655637656)	(5.0, 0.9423244590441131)	(6.0, 0.8613021691076099)	(7.0, 0.7212745158477838)	(8.0, 0.6059058203947194)	(9.0, 0.6103092057173555)	('>10', 8.004473839487797)	('>50', 3.940149186694731)	('>100', 14.438700472923582)	('>500', 9.191626522470475)	('>1k', 30.175518938960273)	('>5k', 14.082906938854592)	('>10k+', 0.0)
ERR4588255_1	(1.0, 8.76283932501834)	(2.0, 2.4853264856933235)	(3.0, 1.6714049889948643)	(4.0, 1.2075079481535829)	(5.0, 0.9285583272193692)	(6.0, 0.7245047688921497)	(7.0, 0.6366165321594521)	(8.0, 0.6113964294448521)	(9.0, 0.45396184886280266)	('>10', 7.554567131327953)	('>50', 3.6699070677427246)	('>100', 11.433113230618734)	('>500', 2.562515284910736)	('>1k', 33.79875886524823)	('>5k', 23.49902176571289)	('>10k+', 0.0)
ERR4588255_2	(1.0, 9.332202249938861)	(2.0, 2.641232575201761)	(3.0, 1.7103815113719736)	(4.0, 1.2839325018341892)	(5.0, 0.8979885057471264)	(6.0, 0.7978723404255319)	(7.0, 0.6633651259476645)	(8.0, 0.5380288579114698)	(9.0, 0.5365003668378576)	('>10', 6.779622157006602)	('>50', 3.3191183663487402)	('>100', 10.706315725116164)	('>500', 4.583944729762778)	('>1k', 33.20341159207631)	('>5k', 23.006083394472977)	('>10k+', 0.0)
ERR4588256_1	(1.0, 7.332860597465409)	(2.0, 2.247919659145318)	(3.0, 1.4372988599792724)	(4.0, 1.046079625690164)	(5.0, 0.8212270526130778)	(6.0, 0.7018309423807706)	(7.0, 0.6194052013066904)	(8.0, 0.4872815869379443)	(9.0, 0.47728140511645667)	('>10', 7.2058885919137925)	('>50', 3.499154530082365)	('>100', 13.085692467135765)	('>500', 8.841675909258957)	('>1k', 20.647951174869846)	('>5k', 12.160827166554542)	('>10k+', 19.38762522954963)
ERR4588256_2	(1.0, 8.321363418728826)	(2.0, 2.341254689479203)	(3.0, 1.448208149239077)	(4.0, 1.052140341945611)	(5.0, 0.8469850966987278)	(6.0, 0.6927398679975999)	(7.0, 0.6151626999278774)	(8.0, 0.5091001654575538)	(9.0, 0.5045546282659684)	('>10', 7.2558895010212305)	('>50', 3.4321836154596754)	('>100', 13.241452874900755)	('>500', 9.003800069092165)	('>1k', 20.39764359351988)	('>5k', 10.341703182482105)	('>10k+', 19.99581810578374)
ERR4588257_1	(1.0, 6.3264621888902886)	(2.0, 1.9308003072160094)	(3.0, 1.212694774236656)	(4.0, 0.9311593599824992)	(5.0, 0.6990828698540724)	(6.0, 0.5820934916335949)	(7.0, 0.48935800889785064)	(8.0, 0.4812733770696063)	(9.0, 0.41302957310766114)	('>10', 6.92187154471158)	('>50', 3.317790232338052)	('>100', 14.643883857130287)	('>500', 9.894400441325784)	('>1k', 20.703315412399448)	('>5k', 7.540583662861342)	('>10k+', 23.912200898345265)
ERR4588257_2	(1.0, 7.255243715982128)	(2.0, 2.0615811162023157)	(3.0, 1.3061436068395986)	(4.0, 0.9444752241701958)	(5.0, 0.7525841098939249)	(6.0, 0.6348813818062494)	(7.0, 0.5542728468128717)	(8.0, 0.43371671925640415)	(9.0, 0.45797061474113726)	('>10', 6.984884116314073)	('>50', 3.1004563061317176)	('>100', 14.671942285240078)	('>500', 9.679206564721046)	('>1k', 19.39954963845051)	('>5k', 7.793109515849444)	('>10k+', 23.969982237588308)
ERR4588258_1	(1.0, 8.400101120067848)	(2.0, 2.454200356366691)	(3.0, 1.5773507357708165)	(4.0, 1.1441246386384674)	(5.0, 0.9378070808512027)	(6.0, 0.7192572567919658)	(7.0, 0.5622765063016558)	(8.0, 0.5789939368733512)	(9.0, 0.5265990630084036)	('>10', 7.856376884278683)	('>50', 3.8081083615694817)	('>100', 14.3044121784443)	('>500', 8.587662536238089)	('>1k', 21.33551883157393)	('>5k', 9.939327959291019)	('>10k+', 17.2678825539341)
ERR4588258_2	(1.0, 9.142803553881095)	(2.0, 2.5035371636636454)	(3.0, 1.5522745899132733)	(4.0, 1.089487182623658)	(5.0, 0.9194586814432443)	(6.0, 0.6898998177392326)	(7.0, 0.6450481747420012)	(8.0, 0.5333268094579883)	(9.0, 0.4972416239556703)	('>10', 7.732830994931765)	('>50', 3.72207475545661)	('>100', 14.000644232690323)	('>500', 9.461250219161437)	('>1k', 19.727995172332243)	('>5k', 10.226174603368767)	('>10k+', 17.555952424639045)
ERR4588259_1	(1.0, 7.183415530594258)	(2.0, 2.1936354942149383)	(3.0, 1.3619742344403396)	(4.0, 0.9653646370506497)	(5.0, 0.8129090329476625)	(6.0, 0.681830967427382)	(7.0, 0.552628124589795)	(8.0, 0.4950587882311025)	(9.0, 0.44217750857914373)	('>10', 7.217169538882742)	('>50', 3.886961576687232)	('>100', 13.765822191385228)	('>500', 8.315299941868098)	('>1k', 23.443096367693663)	('>5k', 10.588819922365781)	('>10k+', 18.093836143041987)
ERR4588259_2	(1.0, 8.15103043486414)	(2.0, 2.3072739887861684)	(3.0, 1.4109175464586419)	(4.0, 0.9976184671929792)	(5.0, 0.8147842556303562)	(6.0, 0.6368256230427363)	(7.0, 0.6103849832167569)	(8.0, 0.5535657359311419)	(9.0, 0.4539914114801133)	('>10', 7.118157781236521)	('>50', 3.4834136553715753)	('>100', 13.323082116001276)	('>500', 8.555891012057682)	('>1k', 22.771954169557635)	('>5k', 8.752789393740507)	('>10k+', 20.05831942543177)
ERR4588260_1	(1.0, 7.983408635728334)	(2.0, 2.4164504686360444)	(3.0, 1.386602721724346)	(4.0, 1.0811030502550345)	(5.0, 0.8320519507497499)	(6.0, 0.6733185663869076)	(7.0, 0.5437126451575027)	(8.0, 0.4750711816492466)	(9.0, 0.4430083927736796)	('>10', 7.8016442340041685)	('>50', 4.407730293239041)	('>100', 16.563365779972496)	('>500', 6.745830143989018)	('>1k', 19.05884424935818)	('>5k', 11.140238574244549)	('>10k+', 18.4476191121317)
ERR4588260_2	(1.0, 8.239233563869302)	(2.0, 2.3180041591307825)	(3.0, 1.431987373583423)	(4.0, 1.0467823185009066)	(5.0, 0.8252781221140667)	(6.0, 0.6868662236582739)	(7.0, 0.597451685667256)	(8.0, 0.4931347246777351)	(9.0, 0.46739417586213905)	('>10', 7.39385975013604)	('>50', 4.118713604783227)	('>100', 15.470069838173234)	('>500', 8.22704067232507)	('>1k', 19.770096256104914)	('>5k', 10.42988974464924)	('>10k+', 18.48419778676439)
ERR4588261_1	(1.0, 8.819384785686879)	(2.0, 2.6689394531051036)	(3.0, 1.4964397162638923)	(4.0, 1.094740559390694)	(5.0, 0.8488993171453894)	(6.0, 0.6010207165389356)	(7.0, 0.5134143070095315)	(8.0, 0.5025483957500705)	(9.0, 0.403396955507489)	('>10', 7.540602854339064)	('>50', 4.694752783540861)	('>100', 14.918217039786214)	('>500', 11.97287596901857)	('>1k', 30.079898403729725)	('>5k', 5.89713377634559)	('>10k+', 7.947734966841994)
ERR4588261_2	(1.0, 9.066584266839616)	(2.0, 2.5854077602979975)	(3.0, 1.4169827401790838)	(4.0, 1.0078132693150061)	(5.0, 0.7775917745051766)	(6.0, 0.6601041090122547)	(7.0, 0.6013602762657938)	(8.0, 0.5161307848243967)	(9.0, 0.388116767798872)	('>10', 7.86522195321546)	('>50', 4.1035792990808115)	('>100', 14.366432483641711)	('>500', 13.302931419121967)	('>1k', 27.004845517302268)	('>5k', 5.382021670701768)	('>10k+', 10.954875907897819)
ERR4588262_1	(1.0, 8.310461019328107)	(2.0, 2.5293334422872635)	(3.0, 1.3785876686582803)	(4.0, 0.8902176995659468)	(5.0, 0.7618763789481781)	(6.0, 0.6864097597085163)	(7.0, 0.5518196107460621)	(8.0, 0.5268242973673206)	(9.0, 0.4412634169554747)	('>10', 7.619725147688655)	('>50', 3.7329539172943536)	('>100', 18.35184749013406)	('>500', 13.417676493349804)	('>1k', 31.358543350044943)	('>5k', 3.9069597527386692)	('>10k+', 5.535500555184365)
ERR4588262_2	(1.0, 8.276332802984056)	(2.0, 2.512028994563519)	(3.0, 1.336768586659232)	(4.0, 0.924826595013435)	(5.0, 0.8051374982575382)	(6.0, 0.6258441926754118)	(7.0, 0.47779502881671226)	(8.0, 0.43453390950735193)	(9.0, 0.4801984243338989)	('>10', 7.445719312244339)	('>50', 4.3097688414191575)	('>100', 17.880301289662036)	('>500', 13.691663582309085)	('>1k', 30.76971144833421)	('>5k', 3.622397723503766)	('>10k+', 6.406971769716255)
ERR4588263_1	(1.0, 5.816953316953317)	(2.0, 1.9097610006700916)	(3.0, 1.222917132008041)	(4.0, 0.8443153897699353)	(5.0, 0.6477551932097387)	(6.0, 0.71364753182935)	(7.0, 0.5394237212419031)	(8.0, 0.4467277194549922)	(9.0, 0.4271833817288363)	('>10', 6.548469957560867)	('>50', 4.096493187402278)	('>100', 11.234085324994416)	('>500', 9.16685280321644)	('>1k', 33.64697341970069)	('>5k', 11.603194103194102)	('>10k+', 11.135246817065)
ERR4588263_2	(1.0, 6.007929417020326)	(2.0, 1.9667187849006031)	(3.0, 1.192763010944829)	(4.0, 0.9783337056064328)	(5.0, 0.7147643511279875)	(6.0, 0.6265356265356266)	(7.0, 0.535514853696672)	(8.0, 0.455662273844092)	(9.0, 0.40205494750949294)	('>10', 6.774067455885638)	('>50', 3.6821532276077726)	('>100', 11.234085324994416)	('>500', 8.999888318070136)	('>1k', 33.95912441366987)	('>5k', 10.747710520437794)	('>10k+', 11.722693768148314)
ERR4588264_1	(1.0, 7.571552077171588)	(2.0, 2.387561021587504)	(3.0, 1.323136525848452)	(4.0, 0.9529443119105039)	(5.0, 0.7540350626304123)	(6.0, 0.6259791080285233)	(7.0, 0.5733266596896756)	(8.0, 0.514823939313178)	(9.0, 0.39781849856018303)	('>10', 7.433095638947211)	('>50', 4.212845897334226)	('>100', 11.697293924167473)	('>500', 12.048960276652865)	('>1k', 31.843355716040794)	('>5k', 13.781940860250003)	('>10k+', 3.8813304818674066)
ERR4588264_2	(1.0, 7.840989606016679)	(2.0, 2.32125793849414)	(3.0, 1.3358121152633597)	(4.0, 0.9490441305520706)	(5.0, 0.7702858182905505)	(6.0, 0.6493801961791223)	(7.0, 0.5687764481048369)	(8.0, 0.5408251483693992)	(9.0, 0.4592463549555054)	('>10', 7.3606172687029945)	('>50', 4.279473995540792)	('>100', 12.509506692061182)	('>500', 12.177341246367956)	('>1k', 29.48374599418873)	('>5k', 11.795123473241507)	('>10k+', 6.958573573671176)
ERR4588265_1	(1.0, 10.215926282492092)	(2.0, 2.8249209187181954)	(3.0, 1.658643927932884)	(4.0, 1.1030119653417687)	(5.0, 0.8320726172465961)	(6.0, 0.6684087470774309)	(7.0, 0.5391280429101912)	(8.0, 0.5611332691514235)	(9.0, 0.5817631687525787)	('>10', 9.666483289781324)	('>50', 5.074955301884197)	('>100', 18.461009489753817)	('>500', 9.124604593590977)	('>1k', 31.45647091184156)	('>5k', 7.231467473524962)	('>10k+', 0.0)
ERR4588265_2	(1.0, 11.818181818181818)	(2.0, 3.002338055288131)	(3.0, 1.7824233255398156)	(4.0, 1.2487965891899326)	(5.0, 0.9489753816531425)	(6.0, 0.8540778434878283)	(7.0, 0.6017054050336955)	(8.0, 0.6051437216338881)	(9.0, 0.5260624398294594)	('>10', 9.564021455095585)	('>50', 5.948975381653143)	('>100', 18.483702379315087)	('>500', 7.904002200522624)	('>1k', 36.71159400357585)	('>5k', 0.0)	('>10k+', 0.0)
ERR4588266_1	(1.0, 9.317505998073438)	(2.0, 2.6026553067244236)	(3.0, 1.5831324003661666)	(4.0, 1.0649945852803389)	(5.0, 0.8555855376128565)	(6.0, 0.7466928328257657)	(7.0, 0.7036144001627408)	(8.0, 0.5025817144019576)	(9.0, 0.4577083470446401)	('>10', 8.409269042761327)	('>50', 4.645290988829523)	('>100', 17.82609476058563)	('>500', 12.776943465540244)	('>1k', 26.942568072898283)	('>5k', 11.565362546892668)	('>10k+', 0.0)
ERR4588266_2	(1.0, 10.78995075895822)	(2.0, 2.907794204754184)	(3.0, 1.7428815881582176)	(4.0, 1.2014096220465846)	(5.0, 0.8466108641413931)	(6.0, 0.7682320491572782)	(7.0, 0.7454962096962372)	(8.0, 0.5791655946917799)	(9.0, 0.5546348205364461)	('>10', 8.530127978843703)	('>50', 4.395795066322837)	('>100', 19.125627479253545)	('>500', 12.067345949729862)	('>1k', 24.451797028784767)	('>5k', 11.29313078492494)	('>10k+', 0.0)
ERR4588267_1	(1.0, 8.130238417326948)	(2.0, 2.4034986007028696)	(3.0, 1.4536943591505445)	(4.0, 1.0220952953554787)	(5.0, 0.8338522542640985)	(6.0, 0.6613557793476628)	(7.0, 0.6463249661806704)	(8.0, 0.44090385289844186)	(9.0, 0.496016834510747)	('>10', 7.856820768289278)	('>50', 4.751168466785482)	('>100', 21.4811792746559)	('>500', 13.242146400120248)	('>1k', 27.081946561880425)	('>5k', 9.498758168531204)	('>10k+', 0.0)
ERR4588267_2	(1.0, 9.63260398101823)	(2.0, 2.569553298547737)	(3.0, 1.5481737562002102)	(4.0, 1.1566568608504577)	(5.0, 0.8732186697014594)	(6.0, 0.7816022846836014)	(7.0, 0.5611503582343804)	(8.0, 0.6355886710613902)	(9.0, 0.3671812930793842)	('>10', 8.29414585614796)	('>50', 4.490634371890948)	('>100', 21.86482288691818)	('>500', 11.832828727462728)	('>1k', 26.299628524188872)	('>5k', 9.092210460014458)	('>10k+', 0.0)
ERR4588268_1	(1.0, 5.6071556378086775)	(2.0, 1.6897068149525427)	(3.0, 1.1069632767955053)	(4.0, 0.8442777635465807)	(5.0, 0.6787801337604611)	(6.0, 0.557798967870434)	(7.0, 0.5003305155562975)	(8.0, 0.41599867985658795)	(9.0, 0.36610953928338086)	('>10', 6.280850916856869)	('>50', 3.081805718254916)	('>100', 9.300199268740329)	('>500', 5.980268844903296)	('>1k', 17.59858621850868)	('>5k', 7.834513883092474)	('>10k+', 38.15665382021297)
ERR4588268_2	(1.0, 6.195367793297778)	(2.0, 1.7745183539269949)	(3.0, 1.1179005114596317)	(4.0, 0.8577094552393671)	(5.0, 0.6912524189037629)	(6.0, 0.557798967870434)	(7.0, 0.4633933634011346)	(8.0, 0.44746721467968775)	(9.0, 0.38510578896317893)	('>10', 6.436178837218449)	('>50', 2.970610499169634)	('>100', 8.621994778909556)	('>500', 6.084652277487238)	('>1k', 17.801884466344497)	('>5k', 6.177043128202619)	('>10k+', 39.41712214492604)
ERR4588269_1	(1.0, 6.827095183166938)	(2.0, 2.1685692693210292)	(3.0, 1.311801439879082)	(4.0, 0.950373228325577)	(5.0, 0.7570634952202909)	(6.0, 0.687323495485462)	(7.0, 0.5512907203372976)	(8.0, 0.543070416186044)	(9.0, 0.36752714689153176)	('>10', 7.360884610795115)	('>50', 3.4803707092001113)	('>100', 15.901250281744295)	('>500', 9.68378346127839)	('>1k', 25.687124617159224)	('>5k', 8.414409397663842)	('>10k+', 15.30806252734577)
ERR4588269_2	(1.0, 7.928350768333267)	(2.0, 2.2969120825212466)	(3.0, 1.4271508690982857)	(4.0, 0.9938612889967252)	(5.0, 0.7451307956458905)	(6.0, 0.6730042559961815)	(7.0, 0.5475783249141508)	(8.0, 0.5451917849992708)	(9.0, 0.41764448510401336)	('>10', 7.408615409092717)	('>50', 3.594129111809395)	('>100', 14.531376370603134)	('>500', 9.029076011296288)	('>1k', 24.800392453230447)	('>5k', 9.787465362024847)	('>10k+', 15.274120626334142)
ERR4588270_1	(1.0, 8.327530122532862)	(2.0, 2.4351820041659313)	(3.0, 1.559903063166789)	(4.0, 1.0560296133978342)	(5.0, 0.861970244230061)	(6.0, 0.7056704333373569)	(7.0, 0.5741309885266653)	(8.0, 0.500159394856653)	(9.0, 0.4596142953973575)	('>10', 8.218894016348031)	('>50', 4.607904127862531)	('>100', 16.356388329201447)	('>500', 7.506104977762096)	('>1k', 23.86280281153957)	('>5k', 15.701167141756192)	('>10k+', 7.266548435918625)
ERR4588270_2	(1.0, 9.300303004979929)	(2.0, 2.562697889488296)	(3.0, 1.6304701065005245)	(4.0, 1.0300312290117208)	(5.0, 0.9285137280754696)	(6.0, 0.7130985431619606)	(7.0, 0.6456265455884765)	(8.0, 0.5150156145058604)	(9.0, 0.4986118719765272)	('>10', 7.905365880834549)	('>50', 3.8963531075806954)	('>100', 16.20999266474155)	('>500', 7.303688985041644)	('>1k', 25.326449951562534)	('>5k', 14.231639414788747)	('>10k+', 7.302141462161519)
ERR4588271_1	(1.0, 6.5351056977220825)	(2.0, 2.0865491596884698)	(3.0, 1.2922644492592374)	(4.0, 0.9331849856532178)	(5.0, 0.8010774726239973)	(6.0, 0.6731861568191134)	(7.0, 0.5591145985828893)	(8.0, 0.48907887802307193)	(9.0, 0.41951162382151436)	('>10', 6.676582537916496)	('>50', 3.549569596533349)	('>100', 11.629443110616618)	('>500', 8.978157756046144)	('>1k', 24.799672073549218)	('>5k', 5.924694032909762)	('>10k+', 24.65280787023482)
ERR4588271_2	(1.0, 6.958130819230544)	(2.0, 2.0977923522867012)	(3.0, 1.3105346372313638)	(4.0, 0.9463020436844879)	(5.0, 0.8362124494934708)	(6.0, 0.6071324003045031)	(7.0, 0.5181237922351701)	(8.0, 0.5040698014873807)	(9.0, 0.41529542659717744)	('>10', 6.511916612988229)	('>50', 3.0860221350354275)	('>100', 11.97587398254963)	('>500', 7.783100076125783)	('>1k', 24.352989400948644)	('>5k', 7.306201323417462)	('>10k+', 24.790302746384025)
ERR4588272_1	(1.0, 6.934827311259389)	(2.0, 2.2048764110957237)	(3.0, 1.3993453355155483)	(4.0, 0.9819967266775778)	(5.0, 0.845608292416803)	(6.0, 0.6748080070502329)	(7.0, 0.578706617986487)	(8.0, 0.4633010197658316)	(9.0, 0.46078307944101726)	('>10', 7.025682991313106)	('>50', 3.636325485752654)	('>100', 13.197784212514163)	('>500', 8.228628981493138)	('>1k', 25.727894582231738)	('>5k', 10.725586470267322)	('>10k+', 16.91384447521927)
ERR4588272_2	(1.0, 7.895631373536448)	(2.0, 2.3513366066557557)	(3.0, 1.4031222460027697)	(4.0, 1.04578454823954)	(5.0, 0.898065382517101)	(6.0, 0.6710310965630115)	(7.0, 0.5978009987829955)	(8.0, 0.4935163036636032)	(9.0, 0.4815560871207353)	('>10', 7.05610810357128)	('>50', 3.358512736581477)	('>100', 12.926266314155022)	('>500', 6.947626841243862)	('>1k', 24.664274623358093)	('>5k', 11.623651852784423)	('>10k+', 17.585714885223886)
ERR4588273_1	(1.0, 9.416503988896537)	(2.0, 3.0850475620902493)	(3.0, 1.7552273163245733)	(4.0, 1.1870775549813248)	(5.0, 0.8547635436296138)	(6.0, 0.6939664413626567)	(7.0, 0.5213211315602396)	(8.0, 0.5596867559607768)	(9.0, 0.4265354712765597)	('>10', 7.547872400446846)	('>50', 3.718080364699112)	('>100', 18.161609550783673)	('>500', 15.657124157930966)	('>1k', 25.58648627300527)	('>5k', 10.8286974870516)	('>10k+', 0.0)
ERR4588273_2	(1.0, 9.621872919511176)	(2.0, 2.9045034472641924)	(3.0, 1.6993714808002616)	(4.0, 1.1441983277101364)	(5.0, 0.8970785705419709)	(6.0, 0.707507249974611)	(7.0, 0.5726633642138996)	(8.0, 0.5371187416075196)	(9.0, 0.4773135035713883)	('>10', 7.525868586452421)	('>50', 3.8258426332359146)	('>100', 18.10801051669469)	('>500', 16.500039494025117)	('>1k', 24.079507114566525)	('>5k', 11.399104049830177)	('>10k+', 0.0)
ERR4588274_1	(1.0, 6.526040900397234)	(2.0, 2.167132558481683)	(3.0, 1.263425040459026)	(4.0, 0.8783286744151831)	(5.0, 0.685964396057084)	(6.0, 0.5870236869207003)	(7.0, 0.509783728115345)	(8.0, 0.42960129468883335)	(9.0, 0.34095924672649697)	('>10', 6.176989848462557)	('>50', 2.4459320288362516)	('>100', 12.055686332205385)	('>500', 15.534426953067529)	('>1k', 30.943430925408265)	('>5k', 13.51478593497131)	('>10k+', 5.940488450787112)
ERR4588274_2	(1.0, 6.83132264234221)	(2.0, 2.1686037957922615)	(3.0, 1.244666764749154)	(4.0, 0.9195233191113726)	(5.0, 0.6473444166544063)	(6.0, 0.5671619832278947)	(7.0, 0.49691040164778577)	(8.0, 0.45608356627924085)	(9.0, 0.45350890098572905)	('>10', 6.063336766220391)	('>50', 2.878475798146241)	('>100', 13.049139326173313)	('>500', 14.4162865970281)	('>1k', 28.923054288656758)	('>5k', 15.494335736354273)	('>10k+', 5.390245696630867)
ERR4588275_1	(1.0, 7.282234885614128)	(2.0, 2.2835639879716236)	(3.0, 1.1662873187021316)	(4.0, 0.8290275954876976)	(5.0, 0.6437839544117891)	(6.0, 0.5308102540246881)	(7.0, 0.505889584821651)	(8.0, 0.48512236048578694)	(9.0, 0.3439052350019106)	('>10', 6.277101227758303)	('>50', 3.4199465036301104)	('>100', 14.284112242694091)	('>500', 17.143343689255868)	('>1k', 26.33782459171637)	('>5k', 12.063680616703493)	('>10k+', 6.403365951720357)
ERR4588275_2	(1.0, 7.397700652921533)	(2.0, 2.265288830556063)	(3.0, 1.2435413932315462)	(4.0, 0.860593776478211)	(5.0, 0.6520908441461348)	(6.0, 0.573175391669851)	(7.0, 0.4680932365303783)	(8.0, 0.4120217308235451)	(9.0, 0.3663338372846439)	('>10', 6.481866059709923)	('>50', 3.4785100762572476)	('>100', 14.622617999368675)	('>500', 17.66584705354621)	('>1k', 24.419763752055957)	('>5k', 12.358990546759482)	('>10k+', 6.7335648186605965)
ERR4588276_1	(1.0, 7.035119781028537)	(2.0, 2.1830991738954264)	(3.0, 1.3681581754583267)	(4.0, 0.9708175871792538)	(5.0, 0.7276997246318088)	(6.0, 0.5631403550843883)	(7.0, 0.5064955469738441)	(8.0, 0.44323528682119256)	(9.0, 0.42793705397381937)	('>10', 6.2433328647388135)	('>50', 3.084454514632553)	('>100', 14.424993177815082)	('>500', 11.180113951161426)	('>1k', 27.53847298828238)	('>5k', 16.914470474410603)	('>10k+', 6.388459343912543)
ERR4588276_2	(1.0, 7.176938534181214)	(2.0, 2.2608307353901878)	(3.0, 1.313580696110941)	(4.0, 0.8765473955792241)	(5.0, 0.758709656079187)	(6.0, 0.6003522728212423)	(7.0, 0.526755368852798)	(8.0, 0.39692712252644113)	(9.0, 0.46142777993698786)	('>10', 6.089937070512449)	('>50', 3.848539225495952)	('>100', 14.365867575188748)	('>500', 10.700493678108643)	('>1k', 26.52176070256101)	('>5k', 13.74773627500434)	('>10k+', 10.353595911650638)
ERR4588277_1	(1.0, 8.292278818802966)	(2.0, 2.376763144775813)	(3.0, 1.5175508049617312)	(4.0, 1.0762147737603003)	(5.0, 0.7771033107533503)	(6.0, 0.668602093780241)	(7.0, 0.5183132459458667)	(8.0, 0.5102489663059735)	(9.0, 0.5278437582475587)	('>10', 8.50708190375649)	('>50', 4.5049998533767335)	('>100', 16.67253159731386)	('>500', 9.989443124835049)	('>1k', 39.07143485528284)	('>5k', 4.989589748101229)	('>10k+', 0.0)
ERR4588277_2	(1.0, 9.74824785196915)	(2.0, 2.6465499545467877)	(3.0, 1.651711093516319)	(4.0, 1.1319316149086538)	(5.0, 0.8907363420427553)	(6.0, 0.6070203219846925)	(7.0, 0.6568722324858509)	(8.0, 0.4164100759508519)	(9.0, 0.4552652414885194)	('>10', 8.630978563678484)	('>50', 4.79678015307469)	('>100', 16.387349344594)	('>500', 10.798803554147971)	('>1k', 35.92929826104807)	('>5k', 5.2520453945632095)	('>10k+', 0.0)
ERR4588278_1	(1.0, 7.205368633940062)	(2.0, 2.27027027027027)	(3.0, 1.3006067291781578)	(4.0, 0.9413495127780842)	(5.0, 0.7482993197278911)	(6.0, 0.573634859349145)	(7.0, 0.4890604890604891)	(8.0, 0.5148005148005148)	(9.0, 0.43022614451185875)	('>10', 6.465894465894466)	('>50', 3.606545320831035)	('>100', 13.693693693693692)	('>500', 8.437948152233867)	('>1k', 26.693877551020407)	('>5k', 17.87129987129987)	('>10k+', 8.757124471410185)
ERR4588278_2	(1.0, 8.145615002757859)	(2.0, 2.4386835815407246)	(3.0, 1.3745173745173744)	(4.0, 0.9707666850523994)	(5.0, 0.7777164920022063)	(6.0, 0.653061224489796)	(7.0, 0.5945945945945946)	(8.0, 0.45890788747931605)	(9.0, 0.39051296194153334)	('>10', 6.654532083103512)	('>50', 3.7231108659680086)	('>100', 13.472697186982902)	('>500', 8.274682846111418)	('>1k', 27.68155911013054)	('>5k', 15.776429490715206)	('>10k+', 8.612612612612612)
ERR4588279_1	(1.0, 7.883739198743127)	(2.0, 2.3453260015710917)	(3.0, 1.3536527886881382)	(4.0, 0.9979575805184604)	(5.0, 0.807541241162608)	(6.0, 0.614611154752553)	(7.0, 0.6114689709347997)	(8.0, 0.48263943440691276)	(9.0, 0.40157109190887663)	('>10', 7.00267085624509)	('>50', 4.090494893951297)	('>100', 17.923016496465046)	('>500', 10.761351139041633)	('>1k', 32.63597800471327)	('>5k', 12.087981146897093)	('>10k+', 0.0)
ERR4588279_2	(1.0, 9.092851531814611)	(2.0, 2.5451688923802043)	(3.0, 1.5440691280439904)	(4.0, 1.0507462686567164)	(5.0, 0.8389630793401415)	(6.0, 0.6900235663786332)	(7.0, 0.5762765121759623)	(8.0, 0.4625294579732915)	(9.0, 0.44116260801256874)	('>10', 6.94611154752553)	('>50', 4.129457973291437)	('>100', 18.47415553809898)	('>500', 11.497250589159465)	('>1k', 29.511390416339356)	('>5k', 12.199842890809112)	('>10k+', 0.0)
ERR4588280_1	(1.0, 6.601800993409081)	(2.0, 2.021304556724261)	(3.0, 1.2264433644659547)	(4.0, 0.9053515854534375)	(5.0, 0.7399508150340595)	(6.0, 0.5986570394936191)	(7.0, 0.5203093061370717)	(8.0, 0.4861577300585766)	(9.0, 0.43844596936067914)	('>10', 6.410786540930831)	('>50', 3.348528552559108)	('>100', 9.9099838114833)	('>500', 7.049119676162702)	('>1k', 19.63112949641492)	('>5k', 12.833793988987791)	('>10k+', 27.278236573324605)
ERR4588280_2	(1.0, 7.2836606471723675)	(2.0, 2.0748756564552338)	(3.0, 1.297759890982812)	(4.0, 0.9388335227852954)	(5.0, 0.7432990087672453)	(6.0, 0.6247729506124683)	(7.0, 0.5718714896281328)	(8.0, 0.4299080753410554)	(9.0, 0.4565262155198824)	('>10', 6.44410106857603)	('>50', 3.2551139474032245)	('>100', 9.873488499791575)	('>500', 5.940532731104888)	('>1k', 19.113833564637716)	('>5k', 14.115147730677993)	('>10k+', 26.83627500054408)
ERR4588281_1	(1.0, 8.999726627624472)	(2.0, 2.5774009602685983)	(3.0, 1.5559123514259643)	(4.0, 1.1181315190648353)	(5.0, 0.9914561506859336)	(6.0, 0.7115382394048954)	(7.0, 0.6064246358564449)	(8.0, 0.5359638686426484)	(9.0, 0.5232578286532753)	('>10', 8.658203673970714)	('>50', 4.2884810121708465)	('>100', 15.226071253932133)	('>500', 7.759155086843858)	('>1k', 23.37064288712031)	('>5k', 17.231315383164112)	('>10k+', 5.846318521170958)
ERR4588281_2	(1.0, 9.988102526191769)	(2.0, 2.712932053488578)	(3.0, 1.6159772677393645)	(4.0, 1.1520142923698304)	(5.0, 0.8990485871268563)	(6.0, 0.7993254247860188)	(7.0, 0.5713867680069613)	(8.0, 0.5113218516935611)	(9.0, 0.4296951705497095)	('>10', 8.560020637689195)	('>50', 4.399755119956569)	('>100', 14.82486841547981)	('>500', 11.579822808496875)	('>1k', 21.145930794435525)	('>5k', 15.037020780150856)	('>10k+', 5.772777501838525)
ERR4588282_1	(1.0, 8.205318720782637)	(2.0, 2.626544069843039)	(3.0, 1.56775332033064)	(4.0, 1.2185381257546206)	(5.0, 0.885421503978205)	(6.0, 0.6910002786291446)	(7.0, 0.602458128231324)	(8.0, 0.4606668524194298)	(9.0, 0.5071050431875174)	('>10', 8.635645955233585)	('>50', 4.553419398780224)	('>100', 16.697935048450514)	('>500', 11.492523451286338)	('>1k', 28.143401133091857)	('>5k', 13.71226897000093)	('>10k+', 0.0)
ERR4588282_2	(1.0, 9.3402681031547)	(2.0, 2.7454258382093433)	(3.0, 1.7014953097427326)	(4.0, 1.2680721959072474)	(5.0, 0.9318596947462926)	(6.0, 0.809882046995449)	(7.0, 0.6284635150614533)	(8.0, 0.53496795764837)	(9.0, 0.5182502089718585)	('>10', 7.807807807807808)	('>50', 4.577567257979629)	('>100', 17.33444784991177)	('>500', 10.376768521098418)	('>1k', 24.29026965109439)	('>5k', 17.134454041670537)	('>10k+', 0.0)
ERR4588283_1	(1.0, 7.379779701591847)	(2.0, 2.251585700130906)	(3.0, 1.3890516175226193)	(4.0, 1.0050120419188961)	(5.0, 0.7810974419058777)	(6.0, 0.6396320163162577)	(7.0, 0.5609436814279618)	(8.0, 0.4790730977022717)	(9.0, 0.40486884072121326)	('>10', 7.485372503923568)	('>50', 4.224290683966529)	('>100', 13.073401462387988)	('>500', 7.565362667881708)	('>1k', 21.92497125127471)	('>5k', 10.775383858766011)	('>10k+', 20.060173432561637)
ERR4588283_2	(1.0, 8.12919930279821)	(2.0, 2.222945460594357)	(3.0, 1.3821085291501227)	(4.0, 0.9674036465678724)	(5.0, 0.7941157326043091)	(6.0, 0.6283494977109506)	(7.0, 0.5741066198008201)	(8.0, 0.5091598139830906)	(9.0, 0.42049078955933084)	('>10', 7.311939942285578)	('>50', 4.2701439967598915)	('>100', 12.592158649569313)	('>500', 6.855721177142775)	('>1k', 21.579552604742997)	('>5k', 9.623554427303695)	('>10k+', 22.139049809426687)
ERR4588284_1	(1.0, 4.874505797910974)	(2.0, 1.6421683331572072)	(3.0, 1.113118392117592)	(4.0, 0.834671054728321)	(5.0, 0.6776670138871417)	(6.0, 0.5706493022881326)	(7.0, 0.46849603212544216)	(8.0, 0.49919233498221127)	(9.0, 0.3774135597143734)	('>10', 5.974540519958468)	('>50', 3.119113396839455)	('>100', 9.629413432232461)	('>500', 6.630065938342367)	('>1k', 17.78943007197696)	('>5k', 8.574165119271072)	('>10k+', 37.22538970046783)
ERR4588284_2	(1.0, 5.661874353155094)	(2.0, 1.7817274805715888)	(3.0, 1.1669627266368425)	(4.0, 0.8615093523080097)	(5.0, 0.6785057106865069)	(6.0, 0.6078874401799508)	(7.0, 0.5506883184632391)	(8.0, 0.4522253142177559)	(9.0, 0.37288459699780097)	('>10', 6.16022799133794)	('>50', 3.1036813757311337)	('>100', 9.34442425980814)	('>500', 6.899790829018239)	('>1k', 20.467053473630532)	('>5k', 4.329688357043292)	('>10k+', 37.560868420213936)
ERR4588285_1	(1.0, 7.2611429832303624)	(2.0, 2.2804501323918798)	(3.0, 1.4199029126213591)	(4.0, 1.0194174757281553)	(5.0, 0.7447043248014121)	(6.0, 0.6520300088261253)	(7.0, 0.536738746690203)	(8.0, 0.45454545454545453)	(9.0, 0.39221094439541043)	('>10', 6.725507502206532)	('>50', 4.3352824360105915)	('>100', 15.519638128861429)	('>500', 6.235105913503972)	('>1k', 26.09609443954104)	('>5k', 12.837047661076786)	('>10k+', 13.490180935569285)
ERR4588285_2	(1.0, 8.110105913503972)	(2.0, 2.4437334510150044)	(3.0, 1.5043027360988526)	(4.0, 1.1231244483671667)	(5.0, 0.7667696381288615)	(6.0, 0.6619593998234775)	(7.0, 0.5328773168578994)	(8.0, 0.6134157105030892)	(9.0, 0.40214033539276256)	('>10', 7.024492497793469)	('>50', 3.299315975286849)	('>100', 15.538393645189764)	('>500', 6.412180052956752)	('>1k', 25.379523389232126)	('>5k', 12.769748455428068)	('>10k+', 13.417917034421889)
ERR4588286_1	(1.0, 7.196268189096985)	(2.0, 2.378333217294437)	(3.0, 1.437025691011627)	(4.0, 1.1418227389821067)	(5.0, 0.9608020608507971)	(6.0, 0.5096428322773794)	(7.0, 0.6530669080275708)	(8.0, 0.4344496275151431)	(9.0, 0.6015456380978904)	('>10', 7.271461393859221)	('>50', 4.235883868272645)	('>100', 11.900020887001322)	('>500', 1.7934971802548212)	('>1k', 18.969574601406393)	('>5k', 19.8886026596115)	('>10k+', 20.62800250644016)
ERR4588286_2	(1.0, 8.127828448095801)	(2.0, 2.4953004247023602)	(3.0, 1.608299101858943)	(4.0, 1.130683004943257)	(5.0, 0.85636705423658)	(6.0, 0.9608020608507971)	(7.0, 0.6335723734595836)	(8.0, 0.5012880317482421)	(9.0, 0.47622363016082997)	('>10', 7.203230522871267)	('>50', 4.046508389612198)	('>100', 11.83457494952308)	('>500', 2.33655921464875)	('>1k', 18.685511383415722)	('>5k', 19.126923344705148)	('>10k+', 19.976328065167444)
ERR4588287_1	(1.0, 4.469738571880252)	(2.0, 1.5742266154127766)	(3.0, 1.1382357346113525)	(4.0, 0.7388547750985972)	(5.0, 0.6739553691777744)	(6.0, 0.4592881034396685)	(7.0, 0.5241875093604912)	(8.0, 0.4792571514153063)	(9.0, 0.31451250561629474)	('>10', 6.0606060606060606)	('>50', 2.6375784201154877)	('>100', 12.289284941673738)	('>500', 2.9138169171118102)	('>1k', 11.224269049639725)	('>5k', 10.350623200705574)	('>10k+', 44.15156507413509)
ERR4588287_2	(1.0, 5.300118150200523)	(2.0, 1.6940409032666033)	(3.0, 1.0633518047027108)	(4.0, 0.9452016041801873)	(5.0, 0.6822758058342901)	(6.0, 0.668963107183865)	(7.0, 0.6173763999134675)	(8.0, 0.3727555622119049)	(9.0, 0.419350007488393)	('>10', 6.017339789992179)	('>50', 3.6726407401860452)	('>100', 10.558634117118466)	('>500', 3.0569284276038804)	('>1k', 11.76509743231325)	('>5k', 9.919624581898058)	('>10k+', 43.24630156590618)
