Sample	0	1	2	3	4	5	6	7	8	9	10	11	12	13	14	15
SRR22279249_1	(1.0, 0.401032985428038)	(2.0, 0.07125024143530607)	(3.0, 0.04206339554614455)	(4.0, 0.029759136985027437)	(5.0, 0.022891643834636488)	(6.0, 0.01974404280737397)	(7.0, 0.03004528253296039)	(8.0, 0.019457897259441016)	(9.0, 0.018027169519776235)	('>10', 0.48329983045876285)	('>50', 0.8172316848965226)	('>100', 2.887208578643527)	('>500', 0.573149532509711)	('>1k', 1.0939344297476912)	('>5k', 1.290230275629699)	('>10k+', 92.20067387276538)
SRR22279249_2	(1.0, 1.296525477684224)	(2.0, 0.2652569229338503)	(3.0, 0.14679266608960648)	(4.0, 0.10816301711865742)	(5.0, 0.07797466181173054)	(6.0, 0.06524118492871399)	(7.0, 0.06109207448368613)	(8.0, 0.044638705477541146)	(9.0, 0.045067923799440586)	('>10', 0.8272467790741761)	('>50', 0.7011996652097089)	('>100', 3.3052672241735763)	('>500', 1.1631816523474665)	('>1k', 2.833985506727997)	('>5k', 0.0)	('>10k+', 89.05836653813962)
SRR22279250_1	(1.0, 0.6340487449981812)	(2.0, 0.1757002546380502)	(3.0, 0.11731538741360495)	(4.0, 0.08875954892688251)	(5.0, 0.07002546380502)	(6.0, 0.05347399054201528)	(7.0, 0.0598399417970171)	(8.0, 0.042197162604583484)	(9.0, 0.0523826846125864)	('>10', 0.8684976355038195)	('>50', 1.0862131684248817)	('>100', 2.4010549290651144)	('>500', 0.5121862495452891)	('>1k', 0.7699163332120771)	('>5k', 1.3350309203346673)	('>10k+', 91.73335758457621)
SRR22279250_2	(1.0, 2.5107311749727175)	(2.0, 0.6234994543470352)	(3.0, 0.3792288104765369)	(4.0, 0.29392506365951254)	(5.0, 0.23190251000363768)	(6.0, 0.19752637322662786)	(7.0, 0.16678792288104766)	(8.0, 0.1571480538377592)	(9.0, 0.12768279374317934)	('>10', 2.55529283375773)	('>50', 1.6344125136413243)	('>100', 5.210622044379774)	('>500', 3.25918515823936)	('>1k', 12.053473990542015)	('>5k', 4.111131320480175)	('>10k+', 66.48744998181157)
SRR22279251_1	(1.0, 11.244718882027948)	(2.0, 3.2011699707507315)	(3.0, 2.2058823529411766)	(4.0, 1.3487162820929477)	(5.0, 1.3812154696132597)	(6.0, 0.9506012349691259)	(7.0, 0.8531036724081897)	(8.0, 0.8774780630484237)	(9.0, 0.8774780630484237)	('>10', 15.372115697107573)	('>50', 6.906077348066299)	('>100', 22.97692557686058)	('>500', 6.585147871303218)	('>1k', 25.219369515762107)	('>5k', 0.0)	('>10k+', 0.0)
SRR22279251_2	(1.0, 13.381540461488461)	(2.0, 3.0224244393890154)	(3.0, 2.181507962300943)	(4.0, 1.6412089697757555)	(5.0, 1.1171595710107247)	(6.0, 1.0724731881702956)	(7.0, 0.7393565160870978)	(8.0, 0.7149821254468639)	(9.0, 0.8774780630484237)	('>10', 14.33214169645759)	('>50', 7.007637309067273)	('>100', 18.951088722781932)	('>500', 9.887877803054923)	('>1k', 25.073123171920702)	('>5k', 0.0)	('>10k+', 0.0)
SRR22279252_1	(1.0, 0.37951921103950137)	(2.0, 0.09920170096988241)	(3.0, 0.06155675581355896)	(4.0, 0.04717735616157275)	(5.0, 0.05331687511410619)	(6.0, 0.037806511444548024)	(7.0, 0.03732181257987434)	(8.0, 0.0284356667275233)	(9.0, 0.031990125068463715)	('>10', 0.5935945429370489)	('>50', 1.0083352048095053)	('>100', 2.5764975983171254)	('>500', 0.34526715793589374)	('>1k', 1.0123743620151193)	('>5k', 1.2802512678914468)	('>10k+', 92.40735385117483)
SRR22279252_2	(1.0, 1.328721154358816)	(2.0, 0.2730470270995135)	(3.0, 0.13862387529667608)	(4.0, 0.10986507599270368)	(5.0, 0.076743986906668)	(6.0, 0.0785212160771382)	(7.0, 0.04636952472044993)	(8.0, 0.05557880314925009)	(9.0, 0.03635241485052695)	('>10', 0.8590479544900079)	('>50', 0.6488502135098498)	('>100', 3.709723543924219)	('>500', 0.792644210029712)	('>1k', 2.197463086142298)	('>5k', 0.0)	('>10k+', 89.64844791345217)
SRR22279253_1	(1.0, 0.6704555271699557)	(2.0, 0.16290866007627086)	(3.0, 0.10366914732126328)	(4.0, 0.08145433003813543)	(5.0, 0.047052217162180505)	(6.0, 0.03795031285867674)	(7.0, 0.03995581719673689)	(8.0, 0.024683130314586493)	(9.0, 0.03332222592469177)	('>10', 0.8699260740247078)	('>50', 0.8890555000185124)	('>100', 3.2054130104779888)	('>500', 0.44013106742197045)	('>1k', 1.0791156034408282)	('>5k', 0.0)	('>10k+', 92.31490737655349)
SRR22279253_2	(1.0, 2.843342342675898)	(2.0, 0.7010009009342565)	(3.0, 0.4364285978747825)	(4.0, 0.33075394621545906)	(5.0, 0.2553161291915041)	(6.0, 0.23047872931245142)	(7.0, 0.1619830426894739)	(8.0, 0.17771853826502276)	(9.0, 0.15411529490169945)	('>10', 3.1156281239586803)	('>50', 2.0170745553951153)	('>100', 5.190862305157539)	('>500', 3.0104162809927555)	('>1k', 11.328168388315007)	('>5k', 5.578850259789946)	('>10k+', 64.46786256433042)
SRR22279254_1	(1.0, 11.184824021527723)	(2.0, 2.5790637572269737)	(3.0, 1.910318919350971)	(4.0, 1.5346495084325793)	(5.0, 0.9325127221378521)	(6.0, 0.8152825513548078)	(7.0, 0.5968081421682253)	(8.0, 0.6820664481922575)	(9.0, 0.6234513628007353)	('>10', 15.333173474009538)	('>50', 8.541816534782724)	('>100', 18.053446300588817)	('>500', 6.181227186742333)	('>1k', 13.873124983347987)	('>5k', 17.158234087336478)	('>10k+', 0.0)
SRR22279254_2	(1.0, 13.809181253829964)	(2.0, 2.80819545466656)	(3.0, 1.8303892574534408)	(4.0, 1.364132896384515)	(5.0, 1.1856233181466975)	(6.0, 1.0230996722883863)	(7.0, 0.9698132310233661)	(8.0, 0.7246956012042736)	(9.0, 0.7433458556470306)	('>10', 14.288759225215145)	('>50', 6.199877441185091)	('>100', 19.476194282364855)	('>500', 4.734500306397037)	('>1k', 13.886446593664242)	('>5k', 16.9557456105294)	('>10k+', 0.0)
SRR22279255_1	(1.0, 0.38073033692027075)	(2.0, 0.07950089227065261)	(3.0, 0.04863086495279282)	(4.0, 0.03777701973144486)	(5.0, 0.03171578149095184)	(6.0, 0.011840558423288686)	(7.0, 0.026641256452399547)	(8.0, 0.021425772384998577)	(9.0, 0.019029468894571102)	('>10', 0.5085801760860188)	('>50', 0.8131926374280053)	('>100', 3.044151187015982)	('>500', 0.5166148407303933)	('>1k', 1.0865121943655858)	('>5k', 1.3364325525142862)	('>10k+', 92.03722446033836)
SRR22279255_2	(1.0, 1.2892112778499802)	(2.0, 0.26613064646629814)	(3.0, 0.14546971777183246)	(4.0, 0.08964994234775721)	(5.0, 0.0740034901455543)	(6.0, 0.07780938392446851)	(7.0, 0.053282512904799094)	(8.0, 0.05751128377025934)	(9.0, 0.04059620030841836)	('>10', 0.896076546391026)	('>50', 0.6646218210215019)	('>100', 3.5799364556697952)	('>500', 0.7620245099559362)	('>1k', 2.2993236785795843)	('>5k', 0.763011223157877)	('>10k+', 88.94134130973491)
SRR22279256_1	(1.0, 12.006455930401922)	(2.0, 3.133488170688501)	(3.0, 1.901350234224304)	(4.0, 1.511632484352242)	(5.0, 1.2793764516002049)	(6.0, 1.06286659056017)	(7.0, 0.7164508128961147)	(8.0, 0.6613392119041058)	(9.0, 0.6377199543361021)	('>10', 13.439357556194151)	('>50', 9.656339802385546)	('>100', 24.74510884541196)	('>500', 1.9958272644963193)	('>1k', 0.0)	('>5k', 27.252686690548362)	('>10k+', 0.0)
SRR22279256_2	(1.0, 13.37637286934614)	(2.0, 3.393300003936543)	(3.0, 2.18478132504035)	(4.0, 1.5431248277762468)	(5.0, 1.0235011612801639)	(6.0, 0.7321969846081171)	(7.0, 0.9644530173601543)	(8.0, 0.9132779592961462)	(9.0, 0.531433295280085)	('>10', 13.947171593906232)	('>50', 11.62067472345786)	('>100', 24.13100814864386)	('>500', 0.0)	('>1k', 0.0)	('>5k', 25.638704090068103)	('>10k+', 0.0)
SRR22279257_1	(1.0, 0.528014533928606)	(2.0, 0.1293622723436604)	(3.0, 0.07924083415473222)	(4.0, 0.06236189224535024)	(5.0, 0.04058676871339943)	(6.0, 0.03633482151485283)	(7.0, 0.035175199551612836)	(8.0, 0.031954027431501775)	(9.0, 0.02783092711775961)	('>10', 0.6575056531570708)	('>50', 0.7366176404269986)	('>100', 3.1533986587039293)	('>500', 0.5472127197644678)	('>1k', 0.9483130721606978)	('>5k', 0.0)	('>10k+', 92.98609097878537)
SRR22279257_2	(1.0, 2.5399586401499774)	(2.0, 0.6913923838606393)	(3.0, 0.4340851549061673)	(4.0, 0.3252095372464132)	(5.0, 0.2673572859692185)	(6.0, 0.20563962814789047)	(7.0, 0.19030684885616178)	(8.0, 0.15667781192220226)	(9.0, 0.16118745289035774)	('>10', 3.0691327960418233)	('>50', 1.6514305225385413)	('>100', 5.409894152284133)	('>500', 2.7562925597366372)	('>1k', 9.686837646482802)	('>5k', 6.077449862455951)	('>10k+', 66.37714771651109)
SRR22279258_1	(1.0, 10.586062844342193)	(2.0, 2.548889023430405)	(3.0, 1.643760973542411)	(4.0, 1.3682872192286735)	(5.0, 1.014106677968154)	(6.0, 0.7446872918810922)	(7.0, 0.6568989525942968)	(8.0, 0.77495913301447)	(9.0, 0.7356057395410789)	('>10', 14.31252648786099)	('>50', 8.112853423745232)	('>100', 24.19628261790882)	('>500', 3.417690863958346)	('>1k', 12.38421020766483)	('>5k', 17.503178543319002)	('>10k+', 0.0)
SRR22279258_2	(1.0, 14.545619664588)	(2.0, 3.148271477871284)	(3.0, 1.9071259914027971)	(4.0, 1.6346794212023976)	(5.0, 1.0443785191015318)	(6.0, 0.9989707574014652)	(7.0, 0.868801840527941)	(8.0, 0.6538717684809591)	(9.0, 0.4904038263607193)	('>10', 14.50323908700127)	('>50', 9.09668826058001)	('>100', 19.519283162801962)	('>500', 3.8051704304655805)	('>1k', 10.776775443482473)	('>5k', 17.006720348731612)	('>10k+', 0.0)
SRR22279259_1	(1.0, 12.37402635756211)	(2.0, 3.3888294141533466)	(3.0, 2.159548156078113)	(4.0, 1.6981062423862086)	(5.0, 1.347410387980361)	(6.0, 1.1517590165749936)	(7.0, 1.2145151168370925)	(8.0, 0.6497102144782014)	(9.0, 1.0299383513603309)	('>10', 14.289933183210898)	('>50', 7.840820997452841)	('>100', 24.840341097862602)	('>500', 7.338772195356048)	('>1k', 20.676289268706853)	('>5k', 0.0)	('>10k+', 0.0)
SRR22279259_2	(1.0, 15.799771124810807)	(2.0, 3.802281368821293)	(3.0, 2.790800694008638)	(4.0, 2.229687326959282)	(5.0, 1.7165639189338846)	(6.0, 1.3511019232898964)	(7.0, 1.395400347004319)	(8.0, 0.7383070619070471)	(9.0, 0.6977001735021595)	('>10', 15.39739377607147)	('>50', 8.180442245930083)	('>100', 24.81450035069585)	('>500', 4.54797150134741)	('>1k', 16.538078186717854)	('>5k', 0.0)	('>10k+', 0.0)
SRR22279260_1	(1.0, 0.5856830729148718)	(2.0, 0.13784832548746614)	(3.0, 0.09718306946866362)	(4.0, 0.07305961250835706)	(5.0, 0.07150881884662307)	(6.0, 0.04548994741086383)	(7.0, 0.04704074107259782)	(8.0, 0.0358405646267412)	(9.0, 0.03876984154334986)	('>10', 0.8679275193504588)	('>50', 1.0724599722924866)	('>100', 3.066091379654966)	('>500', 0.7933171131803677)	('>1k', 1.1241530943502864)	('>5k', 0.0)	('>10k+', 91.9436269272919)
SRR22279260_2	(1.0, 1.7463659735193366)	(2.0, 0.34220846802263466)	(3.0, 0.19953545114310722)	(4.0, 0.15990405756546072)	(5.0, 0.1292328051444995)	(6.0, 0.11165714364484756)	(7.0, 0.07116419803290439)	(8.0, 0.0716811292534824)	(9.0, 0.08219206407190169)	('>10', 1.2671707320435326)	('>50', 1.0698753161895966)	('>100', 3.8909412972905915)	('>500', 1.0500596194007732)	('>1k', 1.1925603258734414)	('>5k', 0.886709353698126)	('>10k+', 87.72874206510576)
