Sample	0	1	2	3	4	5	6	7	8	9	10	11	12	13	14	15	16	17	18	19	20	21	22	23	24	25	26	27	28	29	30	31	32	33	34	35
ERR4588253_1	(2.0, 501.0)	(3.0, 0.0)	(4.0, 0.0)	(5.0, 0.0)	(6.0, 0.0)	(7.0, 0.0)	(8.0, 0.0)	(9.0, 0.0)	(10.0, 0.0)	(11.0, 0.0)	(12.0, 0.0)	(13.0, 0.0)	(14.0, 0.0)	(15.0, 0.0)	(16.0, 6.0)	(17.0, 25.0)	(18.0, 175.0)	(19.0, 695.0)	(20.0, 786.0)	(21.0, 533.0)	(22.0, 560.0)	(23.0, 686.0)	(24.0, 968.0)	(25.0, 1358.0)	(26.0, 1823.0)	(27.0, 2408.0)	(28.0, 3191.0)	(29.0, 4202.0)	(30.0, 5474.0)	(31.0, 6914.0)	(32.0, 8928.0)	(33.0, 12427.0)	(34.0, 17320.0)	(35.0, 27431.0)	(36.0, 53357.0)	(37.0, 83628.0)
ERR4588253_2	(2.0, 494.0)	(3.0, 0.0)	(4.0, 0.0)	(5.0, 0.0)	(6.0, 0.0)	(7.0, 0.0)	(8.0, 0.0)	(9.0, 0.0)	(10.0, 0.0)	(11.0, 2.0)	(12.0, 7.0)	(13.0, 16.0)	(14.0, 39.0)	(15.0, 152.0)	(16.0, 368.0)	(17.0, 947.0)	(18.0, 1601.0)	(19.0, 1583.0)	(20.0, 1756.0)	(21.0, 2325.0)	(22.0, 3127.0)	(23.0, 3989.0)	(24.0, 4770.0)	(25.0, 5811.0)	(26.0, 7194.0)	(27.0, 8603.0)	(28.0, 10729.0)	(29.0, 13599.0)	(30.0, 16773.0)	(31.0, 21215.0)	(32.0, 26889.0)	(33.0, 32221.0)	(34.0, 30775.0)	(35.0, 17486.0)	(36.0, 6789.0)	(37.0, 14136.0)
ERR4588254_1	(2.0, 242.0)	(3.0, 0.0)	(4.0, 0.0)	(5.0, 0.0)	(6.0, 0.0)	(7.0, 0.0)	(8.0, 0.0)	(9.0, 0.0)	(10.0, 0.0)	(11.0, 0.0)	(12.0, 0.0)	(13.0, 0.0)	(14.0, 0.0)	(15.0, 0.0)	(16.0, 1.0)	(17.0, 13.0)	(18.0, 102.0)	(19.0, 358.0)	(20.0, 433.0)	(21.0, 336.0)	(22.0, 352.0)	(23.0, 503.0)	(24.0, 646.0)	(25.0, 1003.0)	(26.0, 1226.0)	(27.0, 1749.0)	(28.0, 2375.0)	(29.0, 3042.0)	(30.0, 3902.0)	(31.0, 5146.0)	(32.0, 6631.0)	(33.0, 9050.0)	(34.0, 12987.0)	(35.0, 20484.0)	(36.0, 39284.0)	(37.0, 52683.0)
ERR4588254_2	(2.0, 234.0)	(3.0, 0.0)	(4.0, 0.0)	(5.0, 0.0)	(6.0, 0.0)	(7.0, 0.0)	(8.0, 0.0)	(9.0, 0.0)	(10.0, 0.0)	(11.0, 0.0)	(12.0, 2.0)	(13.0, 9.0)	(14.0, 27.0)	(15.0, 98.0)	(16.0, 179.0)	(17.0, 414.0)	(18.0, 782.0)	(19.0, 1222.0)	(20.0, 1252.0)	(21.0, 1594.0)	(22.0, 2034.0)	(23.0, 2658.0)	(24.0, 3354.0)	(25.0, 4258.0)	(26.0, 4988.0)	(27.0, 6171.0)	(28.0, 7819.0)	(29.0, 9544.0)	(30.0, 12291.0)	(31.0, 15899.0)	(32.0, 19859.0)	(33.0, 23441.0)	(34.0, 20915.0)	(35.0, 10611.0)	(36.0, 3686.0)	(37.0, 9207.0)
ERR4588255_1	(2.0, 367.0)	(3.0, 0.0)	(4.0, 0.0)	(5.0, 0.0)	(6.0, 0.0)	(7.0, 0.0)	(8.0, 0.0)	(9.0, 0.0)	(10.0, 0.0)	(11.0, 0.0)	(12.0, 0.0)	(13.0, 0.0)	(14.0, 0.0)	(15.0, 2.0)	(16.0, 6.0)	(17.0, 18.0)	(18.0, 118.0)	(19.0, 436.0)	(20.0, 548.0)	(21.0, 419.0)	(22.0, 467.0)	(23.0, 582.0)	(24.0, 824.0)	(25.0, 1144.0)	(26.0, 1421.0)	(27.0, 1930.0)	(28.0, 2563.0)	(29.0, 3482.0)	(30.0, 4487.0)	(31.0, 5823.0)	(32.0, 7678.0)	(33.0, 10372.0)	(34.0, 14722.0)	(35.0, 23120.0)	(36.0, 44697.0)	(37.0, 74048.0)
ERR4588255_2	(2.0, 361.0)	(3.0, 0.0)	(4.0, 0.0)	(5.0, 0.0)	(6.0, 0.0)	(7.0, 0.0)	(8.0, 0.0)	(9.0, 0.0)	(10.0, 0.0)	(11.0, 0.0)	(12.0, 7.0)	(13.0, 15.0)	(14.0, 46.0)	(15.0, 95.0)	(16.0, 236.0)	(17.0, 463.0)	(18.0, 958.0)	(19.0, 1573.0)	(20.0, 1531.0)	(21.0, 1885.0)	(22.0, 2433.0)	(23.0, 2977.0)	(24.0, 3783.0)	(25.0, 4638.0)	(26.0, 5651.0)	(27.0, 6656.0)	(28.0, 8217.0)	(29.0, 10422.0)	(30.0, 12919.0)	(31.0, 16496.0)	(32.0, 21358.0)	(33.0, 26331.0)	(34.0, 26864.0)	(35.0, 16716.0)	(36.0, 7268.0)	(37.0, 19375.0)
ERR4588256_1	(2.0, 426.0)	(3.0, 0.0)	(4.0, 0.0)	(5.0, 0.0)	(6.0, 0.0)	(7.0, 0.0)	(8.0, 0.0)	(9.0, 0.0)	(10.0, 0.0)	(11.0, 0.0)	(12.0, 0.0)	(13.0, 0.0)	(14.0, 0.0)	(15.0, 3.0)	(16.0, 6.0)	(17.0, 27.0)	(18.0, 153.0)	(19.0, 509.0)	(20.0, 723.0)	(21.0, 718.0)	(22.0, 927.0)	(23.0, 1318.0)	(24.0, 1885.0)	(25.0, 2684.0)	(26.0, 3642.0)	(27.0, 5003.0)	(28.0, 6693.0)	(29.0, 8699.0)	(30.0, 11417.0)	(31.0, 14885.0)	(32.0, 19513.0)	(33.0, 26748.0)	(34.0, 38019.0)	(35.0, 59232.0)	(36.0, 111278.0)	(37.0, 166060.0)
ERR4588256_2	(2.0, 421.0)	(3.0, 0.0)	(4.0, 0.0)	(5.0, 0.0)	(6.0, 0.0)	(7.0, 0.0)	(8.0, 0.0)	(9.0, 0.0)	(10.0, 0.0)	(11.0, 0.0)	(12.0, 7.0)	(13.0, 53.0)	(14.0, 226.0)	(15.0, 933.0)	(16.0, 1807.0)	(17.0, 2839.0)	(18.0, 3951.0)	(19.0, 5260.0)	(20.0, 6476.0)	(21.0, 8034.0)	(22.0, 9916.0)	(23.0, 11639.0)	(24.0, 14059.0)	(25.0, 16846.0)	(26.0, 19950.0)	(27.0, 23219.0)	(28.0, 27662.0)	(29.0, 32973.0)	(30.0, 40036.0)	(31.0, 48840.0)	(32.0, 56578.0)	(33.0, 61157.0)	(34.0, 50080.0)	(35.0, 26338.0)	(36.0, 6542.0)	(37.0, 4726.0)
ERR4588257_1	(2.0, 666.0)	(3.0, 0.0)	(4.0, 0.0)	(5.0, 0.0)	(6.0, 0.0)	(7.0, 0.0)	(8.0, 0.0)	(9.0, 0.0)	(10.0, 0.0)	(11.0, 0.0)	(12.0, 0.0)	(13.0, 1.0)	(14.0, 0.0)	(15.0, 1.0)	(16.0, 12.0)	(17.0, 48.0)	(18.0, 288.0)	(19.0, 875.0)	(20.0, 1130.0)	(21.0, 1042.0)	(22.0, 1198.0)	(23.0, 1673.0)	(24.0, 2249.0)	(25.0, 3126.0)	(26.0, 4216.0)	(27.0, 5622.0)	(28.0, 7575.0)	(29.0, 9902.0)	(30.0, 12850.0)	(31.0, 16692.0)	(32.0, 21868.0)	(33.0, 29185.0)	(34.0, 41708.0)	(35.0, 64871.0)	(36.0, 124978.0)	(37.0, 227062.0)
ERR4588257_2	(2.0, 651.0)	(3.0, 0.0)	(4.0, 0.0)	(5.0, 0.0)	(6.0, 0.0)	(7.0, 0.0)	(8.0, 0.0)	(9.0, 0.0)	(10.0, 0.0)	(11.0, 2.0)	(12.0, 13.0)	(13.0, 67.0)	(14.0, 299.0)	(15.0, 1068.0)	(16.0, 2116.0)	(17.0, 3126.0)	(18.0, 4409.0)	(19.0, 5884.0)	(20.0, 6667.0)	(21.0, 8476.0)	(22.0, 10102.0)	(23.0, 12172.0)	(24.0, 14639.0)	(25.0, 17279.0)	(26.0, 20431.0)	(27.0, 24099.0)	(28.0, 29033.0)	(29.0, 34600.0)	(30.0, 42227.0)	(31.0, 52590.0)	(32.0, 64956.0)	(33.0, 77500.0)	(34.0, 77838.0)	(35.0, 50480.0)	(36.0, 13018.0)	(37.0, 5096.0)
ERR4588258_1	(2.0, 1122.0)	(3.0, 0.0)	(4.0, 0.0)	(5.0, 0.0)	(6.0, 0.0)	(7.0, 0.0)	(8.0, 0.0)	(9.0, 0.0)	(10.0, 0.0)	(11.0, 0.0)	(12.0, 0.0)	(13.0, 1.0)	(14.0, 0.0)	(15.0, 4.0)	(16.0, 14.0)	(17.0, 58.0)	(18.0, 368.0)	(19.0, 1162.0)	(20.0, 1428.0)	(21.0, 1374.0)	(22.0, 1402.0)	(23.0, 1877.0)	(24.0, 2590.0)	(25.0, 3659.0)	(26.0, 4796.0)	(27.0, 6530.0)	(28.0, 8635.0)	(29.0, 11584.0)	(30.0, 14786.0)	(31.0, 19308.0)	(32.0, 24925.0)	(33.0, 33544.0)	(34.0, 48588.0)	(35.0, 76199.0)	(36.0, 147331.0)	(37.0, 261524.0)
ERR4588258_2	(2.0, 1108.0)	(3.0, 0.0)	(4.0, 0.0)	(5.0, 0.0)	(6.0, 0.0)	(7.0, 0.0)	(8.0, 0.0)	(9.0, 0.0)	(10.0, 0.0)	(11.0, 5.0)	(12.0, 10.0)	(13.0, 71.0)	(14.0, 210.0)	(15.0, 692.0)	(16.0, 1632.0)	(17.0, 2477.0)	(18.0, 4155.0)	(19.0, 5513.0)	(20.0, 6130.0)	(21.0, 7617.0)	(22.0, 9444.0)	(23.0, 11831.0)	(24.0, 14456.0)	(25.0, 17615.0)	(26.0, 20944.0)	(27.0, 25428.0)	(28.0, 31043.0)	(29.0, 38087.0)	(30.0, 47770.0)	(31.0, 59548.0)	(32.0, 75659.0)	(33.0, 92780.0)	(34.0, 96058.0)	(35.0, 63034.0)	(36.0, 19567.0)	(37.0, 19925.0)
ERR4588259_1	(2.0, 1667.0)	(3.0, 0.0)	(4.0, 0.0)	(5.0, 0.0)	(6.0, 0.0)	(7.0, 0.0)	(8.0, 0.0)	(9.0, 0.0)	(10.0, 0.0)	(11.0, 0.0)	(12.0, 0.0)	(13.0, 0.0)	(14.0, 1.0)	(15.0, 2.0)	(16.0, 9.0)	(17.0, 63.0)	(18.0, 320.0)	(19.0, 883.0)	(20.0, 1352.0)	(21.0, 1441.0)	(22.0, 1716.0)	(23.0, 2326.0)	(24.0, 3199.0)	(25.0, 4315.0)	(26.0, 5870.0)	(27.0, 7762.0)	(28.0, 10294.0)	(29.0, 13345.0)	(30.0, 17284.0)	(31.0, 22234.0)	(32.0, 28928.0)	(33.0, 38338.0)	(34.0, 54953.0)	(35.0, 87603.0)	(36.0, 173170.0)	(37.0, 303050.0)
ERR4588259_2	(2.0, 1617.0)	(3.0, 0.0)	(4.0, 0.0)	(5.0, 0.0)	(6.0, 0.0)	(7.0, 0.0)	(8.0, 0.0)	(9.0, 0.0)	(10.0, 0.0)	(11.0, 0.0)	(12.0, 16.0)	(13.0, 97.0)	(14.0, 315.0)	(15.0, 1348.0)	(16.0, 2928.0)	(17.0, 4476.0)	(18.0, 6612.0)	(19.0, 8864.0)	(20.0, 10717.0)	(21.0, 13059.0)	(22.0, 15827.0)	(23.0, 18568.0)	(24.0, 22211.0)	(25.0, 25797.0)	(26.0, 30089.0)	(27.0, 35520.0)	(28.0, 42347.0)	(29.0, 50689.0)	(30.0, 62550.0)	(31.0, 76410.0)	(32.0, 92301.0)	(33.0, 101267.0)	(34.0, 87103.0)	(35.0, 45073.0)	(36.0, 12281.0)	(37.0, 12043.0)
ERR4588260_1	(2.0, 878.0)	(3.0, 0.0)	(4.0, 0.0)	(5.0, 0.0)	(6.0, 0.0)	(7.0, 0.0)	(8.0, 0.0)	(9.0, 0.0)	(10.0, 0.0)	(11.0, 0.0)	(12.0, 1.0)	(13.0, 0.0)	(14.0, 2.0)	(15.0, 4.0)	(16.0, 8.0)	(17.0, 71.0)	(18.0, 339.0)	(19.0, 1170.0)	(20.0, 1514.0)	(21.0, 1239.0)	(22.0, 1381.0)	(23.0, 1672.0)	(24.0, 2349.0)	(25.0, 3226.0)	(26.0, 4383.0)	(27.0, 5888.0)	(28.0, 7945.0)	(29.0, 10139.0)	(30.0, 13293.0)	(31.0, 17450.0)	(32.0, 22594.0)	(33.0, 30675.0)	(34.0, 43618.0)	(35.0, 67767.0)	(36.0, 129327.0)	(37.0, 209454.0)
ERR4588260_2	(2.0, 861.0)	(3.0, 0.0)	(4.0, 0.0)	(5.0, 0.0)	(6.0, 0.0)	(7.0, 0.0)	(8.0, 0.0)	(9.0, 0.0)	(10.0, 0.0)	(11.0, 1.0)	(12.0, 9.0)	(13.0, 56.0)	(14.0, 149.0)	(15.0, 550.0)	(16.0, 1138.0)	(17.0, 1850.0)	(18.0, 3272.0)	(19.0, 4262.0)	(20.0, 4383.0)	(21.0, 5349.0)	(22.0, 6864.0)	(23.0, 8880.0)	(24.0, 11282.0)	(25.0, 13785.0)	(26.0, 17104.0)	(27.0, 20866.0)	(28.0, 25741.0)	(29.0, 32366.0)	(30.0, 40156.0)	(31.0, 51745.0)	(32.0, 66602.0)	(33.0, 82564.0)	(34.0, 87398.0)	(35.0, 60961.0)	(36.0, 17843.0)	(37.0, 10350.0)
ERR4588261_1	(2.0, 66.0)	(3.0, 0.0)	(4.0, 0.0)	(5.0, 0.0)	(6.0, 0.0)	(7.0, 0.0)	(8.0, 0.0)	(9.0, 0.0)	(10.0, 0.0)	(11.0, 0.0)	(12.0, 0.0)	(13.0, 0.0)	(14.0, 1.0)	(15.0, 2.0)	(16.0, 22.0)	(17.0, 142.0)	(18.0, 971.0)	(19.0, 2564.0)	(20.0, 1585.0)	(21.0, 1020.0)	(22.0, 1313.0)	(23.0, 1774.0)	(24.0, 2648.0)	(25.0, 3830.0)	(26.0, 5408.0)	(27.0, 7361.0)	(28.0, 9512.0)	(29.0, 12398.0)	(30.0, 16028.0)	(31.0, 20710.0)	(32.0, 27775.0)	(33.0, 38705.0)	(34.0, 57078.0)	(35.0, 87766.0)	(36.0, 112279.0)	(37.0, 47054.0)
ERR4588261_2	(2.0, 67.0)	(3.0, 0.0)	(4.0, 0.0)	(5.0, 0.0)	(6.0, 0.0)	(7.0, 0.0)	(8.0, 0.0)	(9.0, 0.0)	(10.0, 0.0)	(11.0, 3.0)	(12.0, 47.0)	(13.0, 91.0)	(14.0, 198.0)	(15.0, 619.0)	(16.0, 1805.0)	(17.0, 3896.0)	(18.0, 3662.0)	(19.0, 3785.0)	(20.0, 5194.0)	(21.0, 6981.0)	(22.0, 9261.0)	(23.0, 11905.0)	(24.0, 14908.0)	(25.0, 18545.0)	(26.0, 23409.0)	(27.0, 29637.0)	(28.0, 37768.0)	(29.0, 48857.0)	(30.0, 58704.0)	(31.0, 63513.0)	(32.0, 55625.0)	(33.0, 34152.0)	(34.0, 12839.0)	(35.0, 3551.0)	(36.0, 3158.0)	(37.0, 5832.0)
ERR4588262_1	(2.0, 42.0)	(3.0, 0.0)	(4.0, 0.0)	(5.0, 0.0)	(6.0, 0.0)	(7.0, 0.0)	(8.0, 0.0)	(9.0, 0.0)	(10.0, 0.0)	(11.0, 0.0)	(12.0, 0.0)	(13.0, 0.0)	(14.0, 0.0)	(15.0, 2.0)	(16.0, 6.0)	(17.0, 66.0)	(18.0, 464.0)	(19.0, 1615.0)	(20.0, 1230.0)	(21.0, 780.0)	(22.0, 871.0)	(23.0, 1249.0)	(24.0, 1851.0)	(25.0, 2702.0)	(26.0, 3948.0)	(27.0, 5099.0)	(28.0, 7116.0)	(29.0, 9011.0)	(30.0, 11447.0)	(31.0, 15056.0)	(32.0, 19887.0)	(33.0, 27718.0)	(34.0, 41324.0)	(35.0, 62602.0)	(36.0, 80769.0)	(37.0, 29209.0)
ERR4588262_2	(2.0, 42.0)	(3.0, 0.0)	(4.0, 0.0)	(5.0, 0.0)	(6.0, 0.0)	(7.0, 0.0)	(8.0, 0.0)	(9.0, 0.0)	(10.0, 0.0)	(11.0, 3.0)	(12.0, 15.0)	(13.0, 26.0)	(14.0, 118.0)	(15.0, 458.0)	(16.0, 1305.0)	(17.0, 2682.0)	(18.0, 2652.0)	(19.0, 2875.0)	(20.0, 3896.0)	(21.0, 5266.0)	(22.0, 6953.0)	(23.0, 8702.0)	(24.0, 10987.0)	(25.0, 13663.0)	(26.0, 17404.0)	(27.0, 21984.0)	(28.0, 28069.0)	(29.0, 35149.0)	(30.0, 42669.0)	(31.0, 44718.0)	(32.0, 37703.0)	(33.0, 22698.0)	(34.0, 8495.0)	(35.0, 1982.0)	(36.0, 1260.0)	(37.0, 2290.0)
ERR4588263_1	(2.0, 38.0)	(3.0, 0.0)	(4.0, 0.0)	(5.0, 0.0)	(6.0, 0.0)	(7.0, 0.0)	(8.0, 0.0)	(9.0, 0.0)	(10.0, 0.0)	(11.0, 0.0)	(12.0, 0.0)	(13.0, 0.0)	(14.0, 2.0)	(15.0, 1.0)	(16.0, 2.0)	(17.0, 27.0)	(18.0, 192.0)	(19.0, 435.0)	(20.0, 398.0)	(21.0, 421.0)	(22.0, 584.0)	(23.0, 947.0)	(24.0, 1400.0)	(25.0, 2088.0)	(26.0, 3037.0)	(27.0, 4068.0)	(28.0, 5355.0)	(29.0, 7089.0)	(30.0, 9394.0)	(31.0, 12089.0)	(32.0, 16036.0)	(33.0, 22052.0)	(34.0, 32333.0)	(35.0, 50035.0)	(36.0, 67737.0)	(37.0, 28672.0)
ERR4588263_2	(2.0, 38.0)	(3.0, 0.0)	(4.0, 0.0)	(5.0, 0.0)	(6.0, 0.0)	(7.0, 0.0)	(8.0, 0.0)	(9.0, 0.0)	(10.0, 0.0)	(11.0, 3.0)	(12.0, 10.0)	(13.0, 27.0)	(14.0, 89.0)	(15.0, 298.0)	(16.0, 649.0)	(17.0, 1212.0)	(18.0, 1468.0)	(19.0, 2052.0)	(20.0, 2875.0)	(21.0, 3859.0)	(22.0, 4999.0)	(23.0, 6412.0)	(24.0, 8302.0)	(25.0, 10467.0)	(26.0, 13293.0)	(27.0, 16976.0)	(28.0, 21924.0)	(29.0, 27946.0)	(30.0, 34369.0)	(31.0, 36729.0)	(32.0, 32637.0)	(33.0, 21729.0)	(34.0, 10488.0)	(35.0, 2915.0)	(36.0, 974.0)	(37.0, 1692.0)
ERR4588264_1	(2.0, 85.0)	(3.0, 0.0)	(4.0, 0.0)	(5.0, 0.0)	(6.0, 0.0)	(7.0, 0.0)	(8.0, 0.0)	(9.0, 0.0)	(10.0, 0.0)	(11.0, 0.0)	(12.0, 0.0)	(13.0, 0.0)	(14.0, 0.0)	(15.0, 0.0)	(16.0, 6.0)	(17.0, 53.0)	(18.0, 310.0)	(19.0, 777.0)	(20.0, 819.0)	(21.0, 793.0)	(22.0, 1065.0)	(23.0, 1635.0)	(24.0, 2570.0)	(25.0, 3836.0)	(26.0, 5386.0)	(27.0, 7512.0)	(28.0, 9690.0)	(29.0, 12727.0)	(30.0, 16311.0)	(31.0, 21153.0)	(32.0, 28040.0)	(33.0, 38971.0)	(34.0, 58362.0)	(35.0, 90678.0)	(36.0, 121091.0)	(37.0, 51077.0)
ERR4588264_2	(2.0, 87.0)	(3.0, 0.0)	(4.0, 0.0)	(5.0, 0.0)	(6.0, 0.0)	(7.0, 0.0)	(8.0, 0.0)	(9.0, 0.0)	(10.0, 0.0)	(11.0, 4.0)	(12.0, 21.0)	(13.0, 48.0)	(14.0, 135.0)	(15.0, 462.0)	(16.0, 1083.0)	(17.0, 2005.0)	(18.0, 2676.0)	(19.0, 3588.0)	(20.0, 5083.0)	(21.0, 6993.0)	(22.0, 9342.0)	(23.0, 12195.0)	(24.0, 15414.0)	(25.0, 19298.0)	(26.0, 24728.0)	(27.0, 31268.0)	(28.0, 39788.0)	(29.0, 51212.0)	(30.0, 62753.0)	(31.0, 67764.0)	(32.0, 57727.0)	(33.0, 33703.0)	(34.0, 12578.0)	(35.0, 3335.0)	(36.0, 3120.0)	(37.0, 6537.0)
ERR4588265_1	(13.0, 5.0)	(14.0, 6.0)	(15.0, 23.0)	(16.0, 45.0)	(17.0, 66.0)	(18.0, 105.0)	(19.0, 228.0)	(20.0, 455.0)	(21.0, 623.0)	(22.0, 967.0)	(23.0, 1510.0)	(24.0, 2443.0)	(25.0, 4847.0)	(26.0, 5435.0)	(27.0, 4241.0)	(28.0, 5297.0)	(29.0, 6698.0)	(30.0, 8650.0)	(31.0, 11022.0)	(32.0, 14508.0)	(33.0, 18808.0)	(34.0, 25995.0)	(35.0, 39517.0)	(36.0, 74314.0)	(37.0, 119368.0)											
ERR4588265_2	(11.0, 1.0)	(12.0, 5.0)	(13.0, 24.0)	(14.0, 79.0)	(15.0, 256.0)	(16.0, 555.0)	(17.0, 1013.0)	(18.0, 1649.0)	(19.0, 2633.0)	(20.0, 3736.0)	(21.0, 4971.0)	(22.0, 6698.0)	(23.0, 8880.0)	(24.0, 11864.0)	(25.0, 14231.0)	(26.0, 15042.0)	(27.0, 17740.0)	(28.0, 21613.0)	(29.0, 26136.0)	(30.0, 33375.0)	(31.0, 43294.0)	(32.0, 47336.0)	(33.0, 37624.0)	(34.0, 27805.0)	(35.0, 15853.0)	(36.0, 2755.0)	(37.0, 8.0)									
ERR4588266_1	(13.0, 1.0)	(14.0, 4.0)	(15.0, 14.0)	(16.0, 30.0)	(17.0, 51.0)	(18.0, 115.0)	(19.0, 233.0)	(20.0, 379.0)	(21.0, 529.0)	(22.0, 711.0)	(23.0, 972.0)	(24.0, 1385.0)	(25.0, 2266.0)	(26.0, 2936.0)	(27.0, 3965.0)	(28.0, 5308.0)	(29.0, 6933.0)	(30.0, 9110.0)	(31.0, 12155.0)	(32.0, 15689.0)	(33.0, 20855.0)	(34.0, 28926.0)	(35.0, 43504.0)	(36.0, 82237.0)	(37.0, 135876.0)											
ERR4588266_2	(11.0, 1.0)	(12.0, 1.0)	(13.0, 12.0)	(14.0, 61.0)	(15.0, 175.0)	(16.0, 461.0)	(17.0, 825.0)	(18.0, 1281.0)	(19.0, 2036.0)	(20.0, 3055.0)	(21.0, 4219.0)	(22.0, 5777.0)	(23.0, 7667.0)	(24.0, 9884.0)	(25.0, 12362.0)	(26.0, 15194.0)	(27.0, 18542.0)	(28.0, 23061.0)	(29.0, 28600.0)	(30.0, 36777.0)	(31.0, 48584.0)	(32.0, 53964.0)	(33.0, 43854.0)	(34.0, 33646.0)	(35.0, 20554.0)	(36.0, 3565.0)	(37.0, 26.0)									
ERR4588267_1	(13.0, 4.0)	(14.0, 2.0)	(15.0, 9.0)	(16.0, 21.0)	(17.0, 49.0)	(18.0, 94.0)	(19.0, 168.0)	(20.0, 329.0)	(21.0, 425.0)	(22.0, 539.0)	(23.0, 808.0)	(24.0, 1186.0)	(25.0, 1745.0)	(26.0, 2379.0)	(27.0, 3356.0)	(28.0, 4445.0)	(29.0, 6083.0)	(30.0, 8011.0)	(31.0, 10514.0)	(32.0, 13745.0)	(33.0, 18518.0)	(34.0, 25583.0)	(35.0, 38907.0)	(36.0, 73477.0)	(37.0, 113144.0)											
ERR4588267_2	(12.0, 1.0)	(13.0, 15.0)	(14.0, 64.0)	(15.0, 213.0)	(16.0, 567.0)	(17.0, 990.0)	(18.0, 1651.0)	(19.0, 2480.0)	(20.0, 3481.0)	(21.0, 4839.0)	(22.0, 6358.0)	(23.0, 7809.0)	(24.0, 10129.0)	(25.0, 12167.0)	(26.0, 14282.0)	(27.0, 17446.0)	(28.0, 21022.0)	(29.0, 25748.0)	(30.0, 32813.0)	(31.0, 42214.0)	(32.0, 44052.0)	(33.0, 34287.0)	(34.0, 25734.0)	(35.0, 13371.0)	(36.0, 1802.0)	(37.0, 6.0)										
ERR4588268_1	(2.0, 3054.0)	(3.0, 0.0)	(4.0, 0.0)	(5.0, 0.0)	(6.0, 0.0)	(7.0, 0.0)	(8.0, 0.0)	(9.0, 0.0)	(10.0, 0.0)	(11.0, 0.0)	(12.0, 0.0)	(13.0, 0.0)	(14.0, 2.0)	(15.0, 1.0)	(16.0, 24.0)	(17.0, 166.0)	(18.0, 736.0)	(19.0, 2324.0)	(20.0, 3315.0)	(21.0, 3356.0)	(22.0, 3871.0)	(23.0, 4880.0)	(24.0, 6569.0)	(25.0, 8767.0)	(26.0, 11984.0)	(27.0, 15811.0)	(28.0, 20810.0)	(29.0, 26859.0)	(30.0, 34324.0)	(31.0, 43931.0)	(32.0, 57113.0)	(33.0, 76610.0)	(34.0, 109209.0)	(35.0, 171579.0)	(36.0, 330757.0)	(37.0, 514796.0)
ERR4588268_2	(2.0, 2942.0)	(3.0, 0.0)	(4.0, 0.0)	(5.0, 0.0)	(6.0, 0.0)	(7.0, 0.0)	(8.0, 0.0)	(9.0, 0.0)	(10.0, 0.0)	(11.0, 1.0)	(12.0, 20.0)	(13.0, 94.0)	(14.0, 490.0)	(15.0, 1910.0)	(16.0, 4175.0)	(17.0, 6279.0)	(18.0, 9523.0)	(19.0, 13270.0)	(20.0, 15952.0)	(21.0, 19467.0)	(22.0, 23990.0)	(23.0, 29625.0)	(24.0, 36627.0)	(25.0, 43843.0)	(26.0, 52288.0)	(27.0, 63016.0)	(28.0, 76413.0)	(29.0, 94387.0)	(30.0, 116264.0)	(31.0, 145915.0)	(32.0, 179432.0)	(33.0, 201533.0)	(34.0, 176679.0)	(35.0, 93139.0)	(36.0, 23325.0)	(37.0, 20249.0)
ERR4588269_1	(2.0, 555.0)	(3.0, 0.0)	(4.0, 0.0)	(5.0, 0.0)	(6.0, 0.0)	(7.0, 0.0)	(8.0, 0.0)	(9.0, 0.0)	(10.0, 0.0)	(11.0, 0.0)	(12.0, 0.0)	(13.0, 0.0)	(14.0, 1.0)	(15.0, 2.0)	(16.0, 6.0)	(17.0, 41.0)	(18.0, 192.0)	(19.0, 596.0)	(20.0, 774.0)	(21.0, 766.0)	(22.0, 948.0)	(23.0, 1223.0)	(24.0, 1812.0)	(25.0, 2575.0)	(26.0, 3560.0)	(27.0, 4895.0)	(28.0, 6573.0)	(29.0, 8539.0)	(30.0, 11366.0)	(31.0, 14792.0)	(32.0, 19422.0)	(33.0, 26515.0)	(34.0, 37799.0)	(35.0, 58959.0)	(36.0, 113741.0)	(37.0, 205231.0)
ERR4588269_2	(2.0, 547.0)	(3.0, 0.0)	(4.0, 0.0)	(5.0, 0.0)	(6.0, 0.0)	(7.0, 0.0)	(8.0, 0.0)	(9.0, 0.0)	(10.0, 0.0)	(11.0, 0.0)	(12.0, 11.0)	(13.0, 44.0)	(14.0, 209.0)	(15.0, 844.0)	(16.0, 1801.0)	(17.0, 2659.0)	(18.0, 3802.0)	(19.0, 4653.0)	(20.0, 5828.0)	(21.0, 7548.0)	(22.0, 9066.0)	(23.0, 11039.0)	(24.0, 13369.0)	(25.0, 16009.0)	(26.0, 19058.0)	(27.0, 22462.0)	(28.0, 26575.0)	(29.0, 32423.0)	(30.0, 39329.0)	(31.0, 48333.0)	(32.0, 59573.0)	(33.0, 69241.0)	(34.0, 67113.0)	(35.0, 42224.0)	(36.0, 11916.0)	(37.0, 5207.0)
ERR4588270_1	(2.0, 463.0)	(3.0, 0.0)	(4.0, 0.0)	(5.0, 0.0)	(6.0, 0.0)	(7.0, 0.0)	(8.0, 0.0)	(9.0, 0.0)	(10.0, 0.0)	(11.0, 0.0)	(12.0, 0.0)	(13.0, 0.0)	(14.0, 0.0)	(15.0, 1.0)	(16.0, 7.0)	(17.0, 27.0)	(18.0, 116.0)	(19.0, 271.0)	(20.0, 474.0)	(21.0, 687.0)	(22.0, 878.0)	(23.0, 1214.0)	(24.0, 1750.0)	(25.0, 2572.0)	(26.0, 3360.0)	(27.0, 4538.0)	(28.0, 6025.0)	(29.0, 7970.0)	(30.0, 10130.0)	(31.0, 12967.0)	(32.0, 17050.0)	(33.0, 23367.0)	(34.0, 33086.0)	(35.0, 52487.0)	(36.0, 102118.0)	(37.0, 167997.0)
ERR4588270_2	(2.0, 458.0)	(3.0, 0.0)	(4.0, 0.0)	(5.0, 0.0)	(6.0, 0.0)	(7.0, 0.0)	(8.0, 0.0)	(9.0, 0.0)	(10.0, 0.0)	(11.0, 1.0)	(12.0, 9.0)	(13.0, 37.0)	(14.0, 132.0)	(15.0, 569.0)	(16.0, 1251.0)	(17.0, 1952.0)	(18.0, 2693.0)	(19.0, 3591.0)	(20.0, 4695.0)	(21.0, 6215.0)	(22.0, 7680.0)	(23.0, 9270.0)	(24.0, 11340.0)	(25.0, 13327.0)	(26.0, 16017.0)	(27.0, 18939.0)	(28.0, 22934.0)	(29.0, 28055.0)	(30.0, 34702.0)	(31.0, 43381.0)	(32.0, 53903.0)	(33.0, 61601.0)	(34.0, 57513.0)	(35.0, 32719.0)	(36.0, 8658.0)	(37.0, 7913.0)
ERR4588271_1	(2.0, 492.0)	(3.0, 0.0)	(4.0, 0.0)	(5.0, 0.0)	(6.0, 0.0)	(7.0, 0.0)	(8.0, 0.0)	(9.0, 0.0)	(10.0, 0.0)	(11.0, 0.0)	(12.0, 0.0)	(13.0, 0.0)	(14.0, 0.0)	(15.0, 4.0)	(16.0, 12.0)	(17.0, 50.0)	(18.0, 204.0)	(19.0, 676.0)	(20.0, 871.0)	(21.0, 853.0)	(22.0, 1125.0)	(23.0, 1437.0)	(24.0, 2095.0)	(25.0, 2786.0)	(26.0, 4010.0)	(27.0, 5402.0)	(28.0, 7267.0)	(29.0, 9581.0)	(30.0, 12500.0)	(31.0, 16468.0)	(32.0, 21275.0)	(33.0, 28690.0)	(34.0, 41429.0)	(35.0, 65245.0)	(36.0, 127434.0)	(37.0, 203913.0)
ERR4588271_2	(2.0, 482.0)	(3.0, 0.0)	(4.0, 0.0)	(5.0, 0.0)	(6.0, 0.0)	(7.0, 0.0)	(8.0, 0.0)	(9.0, 0.0)	(10.0, 0.0)	(11.0, 1.0)	(12.0, 6.0)	(13.0, 37.0)	(14.0, 157.0)	(15.0, 502.0)	(16.0, 1090.0)	(17.0, 1681.0)	(18.0, 2676.0)	(19.0, 3811.0)	(20.0, 4479.0)	(21.0, 5793.0)	(22.0, 7573.0)	(23.0, 9498.0)	(24.0, 11913.0)	(25.0, 14563.0)	(26.0, 17846.0)	(27.0, 22021.0)	(28.0, 26931.0)	(29.0, 33177.0)	(30.0, 41402.0)	(31.0, 52789.0)	(32.0, 66796.0)	(33.0, 80378.0)	(34.0, 80496.0)	(35.0, 51076.0)	(36.0, 13068.0)	(37.0, 3577.0)
ERR4588272_1	(2.0, 1152.0)	(3.0, 0.0)	(4.0, 0.0)	(5.0, 0.0)	(6.0, 0.0)	(7.0, 0.0)	(8.0, 0.0)	(9.0, 0.0)	(10.0, 0.0)	(11.0, 0.0)	(12.0, 0.0)	(13.0, 0.0)	(14.0, 0.0)	(15.0, 0.0)	(16.0, 13.0)	(17.0, 41.0)	(18.0, 254.0)	(19.0, 619.0)	(20.0, 942.0)	(21.0, 1054.0)	(22.0, 1327.0)	(23.0, 1685.0)	(24.0, 2572.0)	(25.0, 3367.0)	(26.0, 4549.0)	(27.0, 6098.0)	(28.0, 8089.0)	(29.0, 10593.0)	(30.0, 13909.0)	(31.0, 17728.0)	(32.0, 23322.0)	(33.0, 31457.0)	(34.0, 44514.0)	(35.0, 70307.0)	(36.0, 139004.0)	(37.0, 260259.0)
ERR4588272_2	(2.0, 1121.0)	(3.0, 0.0)	(4.0, 0.0)	(5.0, 0.0)	(6.0, 0.0)	(7.0, 0.0)	(8.0, 0.0)	(9.0, 0.0)	(10.0, 0.0)	(11.0, 0.0)	(12.0, 5.0)	(13.0, 39.0)	(14.0, 173.0)	(15.0, 790.0)	(16.0, 1683.0)	(17.0, 2588.0)	(18.0, 3666.0)	(19.0, 5047.0)	(20.0, 6099.0)	(21.0, 7615.0)	(22.0, 9543.0)	(23.0, 11664.0)	(24.0, 14158.0)	(25.0, 17453.0)	(26.0, 20726.0)	(27.0, 24974.0)	(28.0, 30289.0)	(29.0, 36759.0)	(30.0, 46158.0)	(31.0, 58466.0)	(32.0, 73734.0)	(33.0, 89799.0)	(34.0, 91486.0)	(35.0, 59493.0)	(36.0, 17387.0)	(37.0, 11940.0)
ERR4588273_1	(2.0, 73.0)	(3.0, 0.0)	(4.0, 0.0)	(5.0, 0.0)	(6.0, 0.0)	(7.0, 0.0)	(8.0, 0.0)	(9.0, 0.0)	(10.0, 0.0)	(11.0, 0.0)	(12.0, 0.0)	(13.0, 0.0)	(14.0, 0.0)	(15.0, 3.0)	(16.0, 10.0)	(17.0, 56.0)	(18.0, 342.0)	(19.0, 759.0)	(20.0, 561.0)	(21.0, 477.0)	(22.0, 674.0)	(23.0, 1007.0)	(24.0, 1476.0)	(25.0, 2175.0)	(26.0, 3081.0)	(27.0, 4097.0)	(28.0, 5707.0)	(29.0, 7248.0)	(30.0, 9411.0)	(31.0, 12192.0)	(32.0, 16282.0)	(33.0, 22567.0)	(34.0, 32912.0)	(35.0, 52378.0)	(36.0, 72082.0)	(37.0, 39878.0)
ERR4588273_2	(2.0, 72.0)	(3.0, 0.0)	(4.0, 0.0)	(5.0, 0.0)	(6.0, 0.0)	(7.0, 0.0)	(8.0, 0.0)	(9.0, 0.0)	(10.0, 0.0)	(11.0, 0.0)	(12.0, 8.0)	(13.0, 36.0)	(14.0, 114.0)	(15.0, 346.0)	(16.0, 937.0)	(17.0, 1633.0)	(18.0, 1812.0)	(19.0, 2404.0)	(20.0, 3183.0)	(21.0, 4524.0)	(22.0, 5870.0)	(23.0, 7249.0)	(24.0, 9297.0)	(25.0, 11799.0)	(26.0, 14588.0)	(27.0, 18657.0)	(28.0, 23564.0)	(29.0, 29844.0)	(30.0, 35715.0)	(31.0, 38199.0)	(32.0, 32565.0)	(33.0, 20356.0)	(34.0, 8636.0)	(35.0, 3395.0)	(36.0, 3377.0)	(37.0, 7268.0)
ERR4588274_1	(2.0, 157.0)	(3.0, 0.0)	(4.0, 0.0)	(5.0, 0.0)	(6.0, 0.0)	(7.0, 0.0)	(8.0, 0.0)	(9.0, 0.0)	(10.0, 0.0)	(11.0, 0.0)	(12.0, 0.0)	(13.0, 0.0)	(14.0, 0.0)	(15.0, 2.0)	(16.0, 5.0)	(17.0, 31.0)	(18.0, 170.0)	(19.0, 463.0)	(20.0, 538.0)	(21.0, 614.0)	(22.0, 883.0)	(23.0, 1355.0)	(24.0, 2130.0)	(25.0, 3007.0)	(26.0, 4428.0)	(27.0, 6035.0)	(28.0, 7873.0)	(29.0, 10474.0)	(30.0, 13486.0)	(31.0, 17538.0)	(32.0, 23412.0)	(33.0, 32287.0)	(34.0, 48371.0)	(35.0, 75463.0)	(36.0, 105283.0)	(37.0, 48852.0)
ERR4588274_2	(2.0, 155.0)	(3.0, 0.0)	(4.0, 0.0)	(5.0, 0.0)	(6.0, 0.0)	(7.0, 0.0)	(8.0, 0.0)	(9.0, 0.0)	(10.0, 0.0)	(11.0, 2.0)	(12.0, 12.0)	(13.0, 34.0)	(14.0, 111.0)	(15.0, 345.0)	(16.0, 759.0)	(17.0, 1368.0)	(18.0, 1939.0)	(19.0, 2740.0)	(20.0, 3937.0)	(21.0, 5442.0)	(22.0, 7107.0)	(23.0, 9345.0)	(24.0, 12076.0)	(25.0, 15417.0)	(26.0, 19501.0)	(27.0, 24824.0)	(28.0, 31962.0)	(29.0, 40959.0)	(30.0, 51535.0)	(31.0, 58174.0)	(32.0, 53591.0)	(33.0, 35276.0)	(34.0, 14104.0)	(35.0, 3712.0)	(36.0, 2584.0)	(37.0, 5846.0)
ERR4588275_1	(2.0, 16.0)	(3.0, 0.0)	(4.0, 0.0)	(5.0, 0.0)	(6.0, 0.0)	(7.0, 0.0)	(8.0, 0.0)	(9.0, 0.0)	(10.0, 0.0)	(11.0, 0.0)	(12.0, 0.0)	(13.0, 0.0)	(14.0, 0.0)	(15.0, 0.0)	(16.0, 7.0)	(17.0, 51.0)	(18.0, 299.0)	(19.0, 724.0)	(20.0, 625.0)	(21.0, 582.0)	(22.0, 926.0)	(23.0, 1295.0)	(24.0, 1925.0)	(25.0, 2963.0)	(26.0, 4157.0)	(27.0, 5552.0)	(28.0, 7438.0)	(29.0, 9745.0)	(30.0, 12634.0)	(31.0, 16218.0)	(32.0, 21623.0)	(33.0, 30215.0)	(34.0, 44031.0)	(35.0, 68438.0)	(36.0, 91441.0)	(37.0, 35524.0)
ERR4588275_2	(2.0, 20.0)	(3.0, 0.0)	(4.0, 0.0)	(5.0, 0.0)	(6.0, 0.0)	(7.0, 0.0)	(8.0, 0.0)	(9.0, 0.0)	(10.0, 0.0)	(11.0, 3.0)	(12.0, 16.0)	(13.0, 51.0)	(14.0, 134.0)	(15.0, 408.0)	(16.0, 848.0)	(17.0, 1731.0)	(18.0, 2098.0)	(19.0, 2729.0)	(20.0, 3667.0)	(21.0, 5024.0)	(22.0, 6811.0)	(23.0, 8765.0)	(24.0, 11196.0)	(25.0, 14227.0)	(26.0, 17750.0)	(27.0, 22785.0)	(28.0, 29380.0)	(29.0, 37628.0)	(30.0, 46610.0)	(31.0, 51792.0)	(32.0, 46186.0)	(33.0, 29195.0)	(34.0, 11501.0)	(35.0, 2598.0)	(36.0, 1205.0)	(37.0, 2071.0)
ERR4588276_1	(2.0, 57.0)	(3.0, 0.0)	(4.0, 0.0)	(5.0, 0.0)	(6.0, 0.0)	(7.0, 0.0)	(8.0, 0.0)	(9.0, 0.0)	(10.0, 0.0)	(11.0, 0.0)	(12.0, 0.0)	(13.0, 0.0)	(14.0, 2.0)	(15.0, 2.0)	(16.0, 8.0)	(17.0, 76.0)	(18.0, 602.0)	(19.0, 1291.0)	(20.0, 929.0)	(21.0, 694.0)	(22.0, 921.0)	(23.0, 1366.0)	(24.0, 2047.0)	(25.0, 3129.0)	(26.0, 4461.0)	(27.0, 6159.0)	(28.0, 8054.0)	(29.0, 10440.0)	(30.0, 13405.0)	(31.0, 17508.0)	(32.0, 23214.0)	(33.0, 32477.0)	(34.0, 48232.0)	(35.0, 74648.0)	(36.0, 96818.0)	(37.0, 36402.0)
ERR4588276_2	(2.0, 56.0)	(3.0, 0.0)	(4.0, 0.0)	(5.0, 0.0)	(6.0, 0.0)	(7.0, 0.0)	(8.0, 0.0)	(9.0, 0.0)	(10.0, 0.0)	(11.0, 2.0)	(12.0, 12.0)	(13.0, 39.0)	(14.0, 144.0)	(15.0, 482.0)	(16.0, 1287.0)	(17.0, 2527.0)	(18.0, 2728.0)	(19.0, 3520.0)	(20.0, 4953.0)	(21.0, 6500.0)	(22.0, 8472.0)	(23.0, 10685.0)	(24.0, 13518.0)	(25.0, 16915.0)	(26.0, 20974.0)	(27.0, 26760.0)	(28.0, 34400.0)	(29.0, 43207.0)	(30.0, 51447.0)	(31.0, 53378.0)	(32.0, 42310.0)	(33.0, 23679.0)	(34.0, 8120.0)	(35.0, 2067.0)	(36.0, 1649.0)	(37.0, 3111.0)
ERR4588277_1	(13.0, 1.0)	(14.0, 4.0)	(15.0, 16.0)	(16.0, 22.0)	(17.0, 48.0)	(18.0, 85.0)	(19.0, 220.0)	(20.0, 304.0)	(21.0, 455.0)	(22.0, 632.0)	(23.0, 947.0)	(24.0, 1429.0)	(25.0, 2180.0)	(26.0, 2823.0)	(27.0, 3672.0)	(28.0, 4929.0)	(29.0, 6386.0)	(30.0, 8336.0)	(31.0, 10956.0)	(32.0, 14016.0)	(33.0, 18664.0)	(34.0, 25586.0)	(35.0, 39021.0)	(36.0, 71553.0)	(37.0, 94967.0)											
ERR4588277_2	(12.0, 1.0)	(13.0, 5.0)	(14.0, 52.0)	(15.0, 170.0)	(16.0, 354.0)	(17.0, 732.0)	(18.0, 1126.0)	(19.0, 1846.0)	(20.0, 2646.0)	(21.0, 3699.0)	(22.0, 4964.0)	(23.0, 6609.0)	(24.0, 8498.0)	(25.0, 10796.0)	(26.0, 13211.0)	(27.0, 15866.0)	(28.0, 19526.0)	(29.0, 23930.0)	(30.0, 30817.0)	(31.0, 41238.0)	(32.0, 44578.0)	(33.0, 34992.0)	(34.0, 26013.0)	(35.0, 13745.0)	(36.0, 1833.0)	(37.0, 5.0)										
ERR4588278_1	(13.0, 2.0)	(14.0, 6.0)	(15.0, 29.0)	(16.0, 50.0)	(17.0, 95.0)	(18.0, 180.0)	(19.0, 385.0)	(20.0, 563.0)	(21.0, 795.0)	(22.0, 1065.0)	(23.0, 1461.0)	(24.0, 2217.0)	(25.0, 3354.0)	(26.0, 4488.0)	(27.0, 6020.0)	(28.0, 8158.0)	(29.0, 10904.0)	(30.0, 14112.0)	(31.0, 18491.0)	(32.0, 24252.0)	(33.0, 32615.0)	(34.0, 45128.0)	(35.0, 69173.0)	(36.0, 129036.0)	(37.0, 204339.0)											
ERR4588278_2	(12.0, 3.0)	(13.0, 20.0)	(14.0, 69.0)	(15.0, 201.0)	(16.0, 530.0)	(17.0, 836.0)	(18.0, 1413.0)	(19.0, 2228.0)	(20.0, 3255.0)	(21.0, 4590.0)	(22.0, 6434.0)	(23.0, 8783.0)	(24.0, 11837.0)	(25.0, 15708.0)	(26.0, 20012.0)	(27.0, 25309.0)	(28.0, 31975.0)	(29.0, 40937.0)	(30.0, 54025.0)	(31.0, 75108.0)	(32.0, 90297.0)	(33.0, 75959.0)	(34.0, 58874.0)	(35.0, 40033.0)	(36.0, 8440.0)	(37.0, 42.0)										
ERR4588279_1	(14.0, 8.0)	(15.0, 12.0)	(16.0, 24.0)	(17.0, 37.0)	(18.0, 90.0)	(19.0, 201.0)	(20.0, 310.0)	(21.0, 440.0)	(22.0, 568.0)	(23.0, 752.0)	(24.0, 1136.0)	(25.0, 1654.0)	(26.0, 2409.0)	(27.0, 3221.0)	(28.0, 4421.0)	(29.0, 6079.0)	(30.0, 8212.0)	(31.0, 10860.0)	(32.0, 14295.0)	(33.0, 19422.0)	(34.0, 26987.0)	(35.0, 41592.0)	(36.0, 79040.0)	(37.0, 127434.0)												
ERR4588279_2	(12.0, 5.0)	(13.0, 11.0)	(14.0, 64.0)	(15.0, 178.0)	(16.0, 405.0)	(17.0, 655.0)	(18.0, 1201.0)	(19.0, 1901.0)	(20.0, 2729.0)	(21.0, 3782.0)	(22.0, 5180.0)	(23.0, 6817.0)	(24.0, 8754.0)	(25.0, 11182.0)	(26.0, 13804.0)	(27.0, 17279.0)	(28.0, 21162.0)	(29.0, 26603.0)	(30.0, 34314.0)	(31.0, 45701.0)	(32.0, 51691.0)	(33.0, 41868.0)	(34.0, 31808.0)	(35.0, 18901.0)	(36.0, 3195.0)	(37.0, 14.0)										
ERR4588280_1	(2.0, 1369.0)	(3.0, 0.0)	(4.0, 0.0)	(5.0, 0.0)	(6.0, 0.0)	(7.0, 0.0)	(8.0, 0.0)	(9.0, 0.0)	(10.0, 0.0)	(11.0, 0.0)	(12.0, 0.0)	(13.0, 0.0)	(14.0, 0.0)	(15.0, 1.0)	(16.0, 10.0)	(17.0, 59.0)	(18.0, 328.0)	(19.0, 990.0)	(20.0, 1410.0)	(21.0, 1582.0)	(22.0, 1845.0)	(23.0, 2418.0)	(24.0, 3448.0)	(25.0, 4454.0)	(26.0, 6103.0)	(27.0, 8177.0)	(28.0, 10801.0)	(29.0, 14072.0)	(30.0, 18073.0)	(31.0, 23034.0)	(32.0, 30016.0)	(33.0, 40396.0)	(34.0, 57677.0)	(35.0, 90733.0)	(36.0, 176035.0)	(37.0, 286585.0)
ERR4588280_2	(2.0, 1332.0)	(3.0, 0.0)	(4.0, 0.0)	(5.0, 0.0)	(6.0, 0.0)	(7.0, 0.0)	(8.0, 0.0)	(9.0, 0.0)	(10.0, 0.0)	(11.0, 1.0)	(12.0, 14.0)	(13.0, 57.0)	(14.0, 231.0)	(15.0, 788.0)	(16.0, 1733.0)	(17.0, 2580.0)	(18.0, 3952.0)	(19.0, 5650.0)	(20.0, 6924.0)	(21.0, 8542.0)	(22.0, 10673.0)	(23.0, 13277.0)	(24.0, 16533.0)	(25.0, 19683.0)	(26.0, 24180.0)	(27.0, 29755.0)	(28.0, 35613.0)	(29.0, 44309.0)	(30.0, 56073.0)	(31.0, 71513.0)	(32.0, 91335.0)	(33.0, 113298.0)	(34.0, 117300.0)	(35.0, 75799.0)	(36.0, 20114.0)	(37.0, 8357.0)
ERR4588281_1	(2.0, 534.0)	(3.0, 0.0)	(4.0, 0.0)	(5.0, 0.0)	(6.0, 0.0)	(7.0, 0.0)	(8.0, 0.0)	(9.0, 0.0)	(10.0, 0.0)	(11.0, 0.0)	(12.0, 0.0)	(13.0, 0.0)	(14.0, 1.0)	(15.0, 3.0)	(16.0, 7.0)	(17.0, 28.0)	(18.0, 161.0)	(19.0, 442.0)	(20.0, 713.0)	(21.0, 799.0)	(22.0, 1023.0)	(23.0, 1328.0)	(24.0, 1840.0)	(25.0, 2543.0)	(26.0, 3452.0)	(27.0, 4567.0)	(28.0, 6016.0)	(29.0, 7788.0)	(30.0, 9726.0)	(31.0, 12854.0)	(32.0, 16651.0)	(33.0, 22564.0)	(34.0, 32195.0)	(35.0, 49075.0)	(36.0, 93042.0)	(37.0, 139268.0)
ERR4588281_2	(2.0, 518.0)	(3.0, 0.0)	(4.0, 0.0)	(5.0, 0.0)	(6.0, 0.0)	(7.0, 0.0)	(8.0, 0.0)	(9.0, 0.0)	(10.0, 0.0)	(11.0, 0.0)	(12.0, 6.0)	(13.0, 47.0)	(14.0, 254.0)	(15.0, 947.0)	(16.0, 1961.0)	(17.0, 2830.0)	(18.0, 3901.0)	(19.0, 5443.0)	(20.0, 6510.0)	(21.0, 7798.0)	(22.0, 9347.0)	(23.0, 10992.0)	(24.0, 13055.0)	(25.0, 15091.0)	(26.0, 17670.0)	(27.0, 20914.0)	(28.0, 24508.0)	(29.0, 29059.0)	(30.0, 34827.0)	(31.0, 41499.0)	(32.0, 46462.0)	(33.0, 45946.0)	(34.0, 35502.0)	(35.0, 18208.0)	(36.0, 6017.0)	(37.0, 7308.0)
ERR4588282_1	(2.0, 56.0)	(3.0, 0.0)	(4.0, 0.0)	(5.0, 0.0)	(6.0, 0.0)	(7.0, 0.0)	(8.0, 0.0)	(9.0, 0.0)	(10.0, 0.0)	(11.0, 0.0)	(12.0, 0.0)	(13.0, 0.0)	(14.0, 0.0)	(15.0, 1.0)	(16.0, 3.0)	(17.0, 12.0)	(18.0, 72.0)	(19.0, 248.0)	(20.0, 289.0)	(21.0, 326.0)	(22.0, 408.0)	(23.0, 507.0)	(24.0, 665.0)	(25.0, 914.0)	(26.0, 1398.0)	(27.0, 1848.0)	(28.0, 2380.0)	(29.0, 3127.0)	(30.0, 4081.0)	(31.0, 5247.0)	(32.0, 7136.0)	(33.0, 9375.0)	(34.0, 13818.0)	(35.0, 22042.0)	(36.0, 45680.0)	(37.0, 86302.0)
ERR4588282_2	(2.0, 54.0)	(3.0, 0.0)	(4.0, 0.0)	(5.0, 0.0)	(6.0, 0.0)	(7.0, 0.0)	(8.0, 0.0)	(9.0, 0.0)	(10.0, 0.0)	(11.0, 1.0)	(12.0, 1.0)	(13.0, 11.0)	(14.0, 33.0)	(15.0, 114.0)	(16.0, 330.0)	(17.0, 558.0)	(18.0, 953.0)	(19.0, 1086.0)	(20.0, 1424.0)	(21.0, 1863.0)	(22.0, 2471.0)	(23.0, 3252.0)	(24.0, 4076.0)	(25.0, 5139.0)	(26.0, 6046.0)	(27.0, 7373.0)	(28.0, 9217.0)	(29.0, 11788.0)	(30.0, 14911.0)	(31.0, 19189.0)	(32.0, 25086.0)	(33.0, 30967.0)	(34.0, 31871.0)	(35.0, 20463.0)	(36.0, 5333.0)	(37.0, 2325.0)
ERR4588283_1	(2.0, 1262.0)	(3.0, 0.0)	(4.0, 0.0)	(5.0, 0.0)	(6.0, 0.0)	(7.0, 0.0)	(8.0, 0.0)	(9.0, 0.0)	(10.0, 0.0)	(11.0, 0.0)	(12.0, 0.0)	(13.0, 0.0)	(14.0, 2.0)	(15.0, 4.0)	(16.0, 18.0)	(17.0, 73.0)	(18.0, 339.0)	(19.0, 996.0)	(20.0, 1522.0)	(21.0, 1892.0)	(22.0, 2369.0)	(23.0, 3172.0)	(24.0, 4283.0)	(25.0, 6101.0)	(26.0, 8301.0)	(27.0, 11002.0)	(28.0, 14381.0)	(29.0, 18363.0)	(30.0, 23851.0)	(31.0, 30505.0)	(32.0, 39688.0)	(33.0, 53171.0)	(34.0, 75342.0)	(35.0, 116626.0)	(36.0, 220560.0)	(37.0, 356695.0)
ERR4588283_2	(2.0, 1239.0)	(3.0, 0.0)	(4.0, 0.0)	(5.0, 0.0)	(6.0, 0.0)	(7.0, 0.0)	(8.0, 0.0)	(9.0, 0.0)	(10.0, 0.0)	(11.0, 2.0)	(12.0, 13.0)	(13.0, 118.0)	(14.0, 489.0)	(15.0, 1844.0)	(16.0, 3781.0)	(17.0, 5217.0)	(18.0, 7374.0)	(19.0, 10019.0)	(20.0, 12400.0)	(21.0, 14879.0)	(22.0, 17828.0)	(23.0, 21832.0)	(24.0, 26239.0)	(25.0, 30626.0)	(26.0, 36127.0)	(27.0, 43013.0)	(28.0, 50960.0)	(29.0, 61616.0)	(30.0, 75311.0)	(31.0, 92970.0)	(32.0, 114126.0)	(33.0, 132473.0)	(34.0, 122578.0)	(35.0, 68791.0)	(36.0, 19028.0)	(37.0, 19625.0)
ERR4588284_1	(2.0, 309.0)	(3.0, 0.0)	(4.0, 0.0)	(5.0, 0.0)	(6.0, 0.0)	(7.0, 0.0)	(8.0, 0.0)	(9.0, 0.0)	(10.0, 0.0)	(11.0, 0.0)	(12.0, 0.0)	(13.0, 1.0)	(14.0, 0.0)	(15.0, 4.0)	(16.0, 13.0)	(17.0, 51.0)	(18.0, 303.0)	(19.0, 1005.0)	(20.0, 1360.0)	(21.0, 1336.0)	(22.0, 1508.0)	(23.0, 2009.0)	(24.0, 2590.0)	(25.0, 3490.0)	(26.0, 4642.0)	(27.0, 6140.0)	(28.0, 8331.0)	(29.0, 10773.0)	(30.0, 14314.0)	(31.0, 18655.0)	(32.0, 24553.0)	(33.0, 33177.0)	(34.0, 48079.0)	(35.0, 77667.0)	(36.0, 157826.0)	(37.0, 332027.0)
ERR4588284_2	(2.0, 296.0)	(3.0, 0.0)	(4.0, 0.0)	(5.0, 0.0)	(6.0, 0.0)	(7.0, 0.0)	(8.0, 0.0)	(9.0, 0.0)	(10.0, 0.0)	(11.0, 0.0)	(12.0, 8.0)	(13.0, 48.0)	(14.0, 146.0)	(15.0, 520.0)	(16.0, 1284.0)	(17.0, 1869.0)	(18.0, 3050.0)	(19.0, 4555.0)	(20.0, 5111.0)	(21.0, 6443.0)	(22.0, 8278.0)	(23.0, 10344.0)	(24.0, 13111.0)	(25.0, 16170.0)	(26.0, 19880.0)	(27.0, 24778.0)	(28.0, 30536.0)	(29.0, 38080.0)	(30.0, 48806.0)	(31.0, 63121.0)	(32.0, 83009.0)	(33.0, 107378.0)	(34.0, 122748.0)	(35.0, 97305.0)	(36.0, 31984.0)	(37.0, 11305.0)
ERR4588285_1	(2.0, 100.0)	(3.0, 0.0)	(4.0, 0.0)	(5.0, 0.0)	(6.0, 0.0)	(7.0, 0.0)	(8.0, 0.0)	(9.0, 0.0)	(10.0, 0.0)	(11.0, 0.0)	(12.0, 0.0)	(13.0, 0.0)	(14.0, 0.0)	(15.0, 2.0)	(16.0, 6.0)	(17.0, 25.0)	(18.0, 98.0)	(19.0, 361.0)	(20.0, 468.0)	(21.0, 428.0)	(22.0, 428.0)	(23.0, 626.0)	(24.0, 781.0)	(25.0, 1104.0)	(26.0, 1459.0)	(27.0, 1952.0)	(28.0, 2595.0)	(29.0, 3523.0)	(30.0, 4481.0)	(31.0, 5720.0)	(32.0, 7624.0)	(33.0, 10352.0)	(34.0, 14971.0)	(35.0, 23807.0)	(36.0, 49047.0)	(37.0, 100069.0)
ERR4588285_2	(2.0, 96.0)	(3.0, 0.0)	(4.0, 0.0)	(5.0, 0.0)	(6.0, 0.0)	(7.0, 0.0)	(8.0, 0.0)	(9.0, 0.0)	(10.0, 0.0)	(11.0, 0.0)	(12.0, 1.0)	(13.0, 16.0)	(14.0, 40.0)	(15.0, 134.0)	(16.0, 373.0)	(17.0, 694.0)	(18.0, 1111.0)	(19.0, 1205.0)	(20.0, 1524.0)	(21.0, 1939.0)	(22.0, 2638.0)	(23.0, 3244.0)	(24.0, 4049.0)	(25.0, 5154.0)	(26.0, 6322.0)	(27.0, 7752.0)	(28.0, 9871.0)	(29.0, 12068.0)	(30.0, 15421.0)	(31.0, 19814.0)	(32.0, 26197.0)	(33.0, 33673.0)	(34.0, 37137.0)	(35.0, 27311.0)	(36.0, 8613.0)	(37.0, 3630.0)
ERR4588286_1	(2.0, 507.0)	(3.0, 0.0)	(4.0, 0.0)	(5.0, 0.0)	(6.0, 0.0)	(7.0, 0.0)	(8.0, 0.0)	(9.0, 0.0)	(10.0, 0.0)	(11.0, 0.0)	(12.0, 0.0)	(13.0, 3.0)	(14.0, 11.0)	(15.0, 23.0)	(16.0, 29.0)	(17.0, 54.0)	(18.0, 141.0)	(19.0, 543.0)	(20.0, 862.0)	(21.0, 756.0)	(22.0, 638.0)	(23.0, 535.0)	(24.0, 471.0)	(25.0, 479.0)	(26.0, 512.0)	(27.0, 546.0)	(28.0, 788.0)	(29.0, 1076.0)	(30.0, 1550.0)	(31.0, 2255.0)	(32.0, 3385.0)	(33.0, 5289.0)	(34.0, 8614.0)	(35.0, 16097.0)	(36.0, 37216.0)	(37.0, 44840.0)
ERR4588286_2	(2.0, 496.0)	(3.0, 4.0)	(4.0, 29.0)	(5.0, 110.0)	(6.0, 230.0)	(7.0, 171.0)	(8.0, 95.0)	(9.0, 92.0)	(10.0, 70.0)	(11.0, 91.0)	(12.0, 103.0)	(13.0, 124.0)	(14.0, 153.0)	(15.0, 185.0)	(16.0, 311.0)	(17.0, 526.0)	(18.0, 1186.0)	(19.0, 1848.0)	(20.0, 2160.0)	(21.0, 1775.0)	(22.0, 1842.0)	(23.0, 2396.0)	(24.0, 3168.0)	(25.0, 4224.0)	(26.0, 5652.0)	(27.0, 7478.0)	(28.0, 10451.0)	(29.0, 13288.0)	(30.0, 13295.0)	(31.0, 13045.0)	(32.0, 12929.0)	(33.0, 10622.0)	(34.0, 5162.0)	(35.0, 2045.0)	(36.0, 2912.0)	(37.0, 8952.0)
ERR4588287_1	(2.0, 114.0)	(3.0, 0.0)	(4.0, 0.0)	(5.0, 0.0)	(6.0, 0.0)	(7.0, 0.0)	(8.0, 0.0)	(9.0, 0.0)	(10.0, 0.0)	(11.0, 0.0)	(12.0, 0.0)	(13.0, 3.0)	(14.0, 1.0)	(15.0, 13.0)	(16.0, 21.0)	(17.0, 41.0)	(18.0, 77.0)	(19.0, 162.0)	(20.0, 222.0)	(21.0, 182.0)	(22.0, 131.0)	(23.0, 124.0)	(24.0, 150.0)	(25.0, 224.0)	(26.0, 286.0)	(27.0, 369.0)	(28.0, 520.0)	(29.0, 757.0)	(30.0, 1067.0)	(31.0, 1607.0)	(32.0, 2485.0)	(33.0, 3740.0)	(34.0, 6390.0)	(35.0, 12009.0)	(36.0, 28438.0)	(37.0, 34549.0)
ERR4588287_2	(2.0, 115.0)	(3.0, 17.0)	(4.0, 37.0)	(5.0, 109.0)	(6.0, 168.0)	(7.0, 121.0)	(8.0, 84.0)	(9.0, 61.0)	(10.0, 63.0)	(11.0, 69.0)	(12.0, 80.0)	(13.0, 94.0)	(14.0, 99.0)	(15.0, 131.0)	(16.0, 182.0)	(17.0, 268.0)	(18.0, 377.0)	(19.0, 624.0)	(20.0, 803.0)	(21.0, 1001.0)	(22.0, 1221.0)	(23.0, 1610.0)	(24.0, 2180.0)	(25.0, 2942.0)	(26.0, 3988.0)	(27.0, 5399.0)	(28.0, 7812.0)	(29.0, 10290.0)	(30.0, 10323.0)	(31.0, 10203.0)	(32.0, 10433.0)	(33.0, 9790.0)	(34.0, 5253.0)	(35.0, 1566.0)	(36.0, 1424.0)	(37.0, 4745.0)
