Sample	0	1	2	3	4	5	6	7	8	9	10	11	12	13	14	15
ERR4588253_1	(1.0, 13.888841282626952)	(2.0, 3.2802618725256645)	(3.0, 1.9871805857855318)	(4.0, 1.3881985980907985)	(5.0, 1.1975355190320314)	(6.0, 0.9768804949527841)	(7.0, 0.8097825155529658)	(8.0, 0.6752472193182402)	(9.0, 0.6285454763577782)	('>10', 7.737064902569024)	('>50', 3.034756379715162)	('>100', 10.902072014944558)	('>500', 6.222471679034774)	('>1k', 23.30888275720235)	('>5k', 16.45572332002262)	('>10k+', 7.506555382268762)
ERR4588253_2	(1.0, 17.651973469982348)	(2.0, 3.177432346741161)	(3.0, 1.966614680628631)	(4.0, 1.4876004730158185)	(5.0, 1.178254982947437)	(6.0, 0.93317794649437)	(7.0, 0.8067833210509178)	(8.0, 0.7232343313510086)	(9.0, 0.601552725839346)	('>10', 7.7910504036058885)	('>50', 2.9207869886373374)	('>100', 10.642855918696121)	('>500', 6.1941935594440345)	('>1k', 20.809696824281477)	('>5k', 16.331470976366347)	('>10k+', 6.7833210509177535)
ERR4588254_1	(1.0, 14.285011196692668)	(2.0, 3.2175111351723795)	(3.0, 1.8419174643797525)	(4.0, 1.2845436424932943)	(5.0, 0.9689445579152004)	(6.0, 0.7899205157861062)	(7.0, 0.5684474739769175)	(8.0, 0.5807515318552058)	(9.0, 0.6367349952014174)	('>10', 8.428894849521372)	('>50', 4.242439156433791)	('>100', 11.677781332283386)	('>500', 8.585771587469546)	('>1k', 22.999360188990327)	('>5k', 11.242217683391981)	('>10k+', 8.649752688436646)
ERR4588254_2	(1.0, 17.521593621576397)	(2.0, 3.1055442084799565)	(3.0, 1.769938725791766)	(4.0, 1.3731328592169698)	(5.0, 1.0735290498806507)	(6.0, 0.7640819942417009)	(7.0, 0.6373501980953319)	(8.0, 0.7874597042104485)	(9.0, 0.5702930826586609)	('>10', 8.182813691955607)	('>50', 3.573713610748825)	('>100', 11.691315795949505)	('>500', 8.851539237640575)	('>1k', 24.318970396436747)	('>5k', 8.312621502571547)	('>10k+', 7.466102320545316)
ERR4588255_1	(1.0, 13.094533155353934)	(2.0, 3.1444142236317836)	(3.0, 2.086574264580427)	(4.0, 1.5275449883075565)	(5.0, 1.1115348715838493)	(6.0, 0.9454319178618384)	(7.0, 0.6814737497114526)	(8.0, 0.6182442265423488)	(9.0, 0.6232624426668808)	('>10', 7.290966207332618)	('>50', 3.7752039904854624)	('>100', 10.152854863153246)	('>500', 5.263606893021669)	('>1k', 20.851189819043125)	('>5k', 16.61631723155053)	('>10k+', 12.216847155173278)
ERR4588255_2	(1.0, 16.89031183194998)	(2.0, 3.217680179049951)	(3.0, 2.0143119523871658)	(4.0, 1.5074721238094282)	(5.0, 1.0563344942139967)	(6.0, 0.8490821682708231)	(7.0, 0.8079327960496603)	(8.0, 0.6864919658359846)	(9.0, 0.4742214237682788)	('>10', 7.521302327448638)	('>50', 2.6164978873310116)	('>100', 11.071188413942611)	('>500', 4.272509208426588)	('>1k', 25.052942180113813)	('>5k', 16.108473759747884)	('>10k+', 5.853247287654185)
ERR4588256_1	(1.0, 8.261682009621946)	(2.0, 2.3072697308185313)	(3.0, 1.4351767075627175)	(4.0, 1.0212914717584192)	(5.0, 0.8854105974596728)	(6.0, 0.6629654908358442)	(7.0, 0.6176025037039503)	(8.0, 0.53936175525628)	(9.0, 0.43074029065605696)	('>10', 7.116578715187029)	('>50', 3.4519568510595797)	('>100', 11.446871202410481)	('>500', 8.665787151870287)	('>1k', 17.15615688102412)	('>5k', 12.121073396480831)	('>10k+', 23.880075244294254)
ERR4588256_2	(1.0, 15.312505202177423)	(2.0, 2.591516705232142)	(3.0, 1.5331857302192407)	(4.0, 1.096202826655125)	(5.0, 0.8968553877911138)	(6.0, 0.7166519618451499)	(7.0, 0.6292553811323267)	(8.0, 0.5809791746433387)	(9.0, 0.5093972132975979)	('>10', 7.701927718866008)	('>50', 3.253649847680245)	('>100', 10.941011469760783)	('>500', 7.417056483161592)	('>1k', 15.2074212182251)	('>5k', 11.579214596061327)	('>10k+', 20.033169083251487)
ERR4588257_1	(1.0, 7.384276775194441)	(2.0, 2.1135447223575508)	(3.0, 1.2630476921003804)	(4.0, 0.9031888023937612)	(5.0, 0.7428676071716094)	(6.0, 0.6240087900241519)	(7.0, 0.544193712230365)	(8.0, 0.41877001855441415)	(9.0, 0.3840452769168575)	('>10', 6.753875868550441)	('>50', 3.3213092436916716)	('>100', 12.059850942750822)	('>500', 9.082852196987758)	('>1k', 18.845341874583216)	('>5k', 8.993017044492586)	('>10k+', 26.56580943199997)
ERR4588257_2	(1.0, 14.173741184925662)	(2.0, 2.4041268886977014)	(3.0, 1.3775875115317238)	(4.0, 1.062818957981335)	(5.0, 0.8102439715429878)	(6.0, 0.6519958952245706)	(7.0, 0.590147847929818)	(8.0, 0.5224259637411504)	(9.0, 0.45556787909570556)	('>10', 7.154160576879887)	('>50', 3.014487645938933)	('>100', 12.004222252167274)	('>500', 8.809200501694775)	('>1k', 16.94740151821408)	('>5k', 9.064539646671435)	('>10k+', 20.95733175776297)
ERR4588258_1	(1.0, 10.565851526956388)	(2.0, 2.774338631023069)	(3.0, 1.6275049828405983)	(4.0, 1.1712090652770697)	(5.0, 0.9675851541819446)	(6.0, 0.7678256384798657)	(7.0, 0.6284101431461232)	(8.0, 0.5160454155637038)	(9.0, 0.4695240402551096)	('>10', 7.822130797893608)	('>50', 3.73330321086668)	('>100', 12.57281041127571)	('>500', 8.603779081433215)	('>1k', 17.974343387202012)	('>5k', 8.943251353653118)	('>10k+', 20.862087159951784)
ERR4588258_2	(1.0, 15.607828798903489)	(2.0, 2.8411028456652017)	(3.0, 1.6322091534717107)	(4.0, 1.198402948315171)	(5.0, 0.9033058584925093)	(6.0, 0.7137489602729835)	(7.0, 0.7211884756854925)	(8.0, 0.5339791771103495)	(9.0, 0.5458718091172614)	('>10', 7.8171756760433535)	('>50', 3.4494579136048293)	('>100', 11.731486843218356)	('>500', 8.203834874168079)	('>1k', 17.10517261554155)	('>5k', 8.217065427275768)	('>10k+', 18.778168623113896)
ERR4588259_1	(1.0, 8.400448646050313)	(2.0, 2.3065534369492067)	(3.0, 1.4090049671526998)	(4.0, 1.0336804999198848)	(5.0, 0.8024355071302676)	(6.0, 0.7060406986059926)	(7.0, 0.609261336324307)	(8.0, 0.5055600064092293)	(9.0, 0.4360839609037014)	('>10', 7.224995994231693)	('>50', 3.1871815414196445)	('>100', 12.105239544944721)	('>500', 6.415510334882231)	('>1k', 20.63246274635475)	('>5k', 12.471462906585483)	('>10k+', 21.754077872135877)
ERR4588259_2	(1.0, 15.675926275441062)	(2.0, 2.644967323847286)	(3.0, 1.5331757825962888)	(4.0, 1.0650735127327715)	(5.0, 0.8807499703294414)	(6.0, 0.7306881956293512)	(7.0, 0.6174664502112622)	(8.0, 0.5307532896106796)	(9.0, 0.46995761978342865)	('>10', 7.761402438378799)	('>50', 3.2659590538830012)	('>100', 10.669689005405194)	('>500', 6.339236914516768)	('>1k', 19.4174408355374)	('>5k', 8.703622448988568)	('>10k+', 19.693890883108704)
ERR4588260_1	(1.0, 9.658094301224699)	(2.0, 2.550022814532597)	(3.0, 1.4859807733345824)	(4.0, 1.087463804700661)	(5.0, 0.8145568862587115)	(6.0, 0.7057758068797526)	(7.0, 0.5586524331742388)	(8.0, 0.520483633392148)	(9.0, 0.4137844885467577)	('>10', 7.424005052161135)	('>50', 3.8111546582417715)	('>100', 14.676077010758396)	('>500', 7.666897414410803)	('>1k', 17.460837943950853)	('>5k', 13.721683521661662)	('>10k+', 17.44452945677123)
ERR4588260_2	(1.0, 13.260708517020683)	(2.0, 2.514282938373003)	(3.0, 1.497951896902602)	(4.0, 1.059010699408557)	(5.0, 0.8587979950970442)	(6.0, 0.685997428810851)	(7.0, 0.6424502981503747)	(8.0, 0.5232595461035727)	(9.0, 0.4699967209531097)	('>10', 7.3561686852756925)	('>50', 3.555770688790691)	('>100', 13.638579634863381)	('>500', 6.849044131807275)	('>1k', 16.609673708810227)	('>5k', 13.564670958921695)	('>10k+', 16.91363615071124)
ERR4588261_1	(1.0, 9.946245949887777)	(2.0, 2.869357134747561)	(3.0, 1.5910063491786242)	(4.0, 1.1082679056443936)	(5.0, 0.8209391893662176)	(6.0, 0.6576246910561295)	(7.0, 0.5242220727841191)	(8.0, 0.4750967223566195)	(9.0, 0.41068792957389766)	('>10', 6.994794896203594)	('>50', 3.596630655965346)	('>100', 11.049710487934814)	('>500', 10.532038461874361)	('>1k', 28.956446555985433)	('>5k', 6.571661877854728)	('>10k+', 13.895269119586388)
ERR4588261_2	(1.0, 12.603381570788539)	(2.0, 2.922194178318472)	(3.0, 1.6335816528824574)	(4.0, 1.1065212265180824)	(5.0, 0.8340392828135507)	(6.0, 0.6851348872955294)	(7.0, 0.5563173017300858)	(8.0, 0.46461664759875293)	(9.0, 0.4421281538474975)	('>10', 7.319022209025092)	('>50', 3.6202108241705457)	('>100', 11.722400286455377)	('>500', 9.516999554596822)	('>1k', 29.050985563697022)	('>5k', 4.6083945398810515)	('>10k+', 12.914072120381126)
ERR4588262_1	(1.0, 8.939592179322602)	(2.0, 2.6593512392613805)	(3.0, 1.4635997827589613)	(4.0, 0.9998025081465389)	(5.0, 0.6696208156413548)	(6.0, 0.5961785326355288)	(7.0, 0.5356966525130838)	(8.0, 0.4813863928112966)	(9.0, 0.3665942529870643)	('>10', 6.923323787893749)	('>50', 3.4817196603140124)	('>100', 14.190715414239163)	('>500', 10.398254665745037)	('>1k', 32.73242322504197)	('>5k', 5.679433692110201)	('>10k+', 9.882307198578058)
ERR4588262_2	(1.0, 11.611903821467365)	(2.0, 2.7722918929594154)	(3.0, 1.5580255751950232)	(4.0, 1.0454724992594056)	(5.0, 0.7560235015305619)	(6.0, 0.6813468944406044)	(7.0, 0.5464969882492348)	(8.0, 0.4813863928112966)	(9.0, 0.4582428162338304)	('>10', 7.153833810605313)	('>50', 3.3684704255949445)	('>100', 13.979645995852671)	('>500', 9.644082650340675)	('>1k', 29.05228596820381)	('>5k', 7.155993877752542)	('>10k+', 9.734496889503308)
ERR4588263_1	(1.0, 6.527197918557512)	(2.0, 2.078417135596297)	(3.0, 1.3409874750408424)	(4.0, 0.9484479941913234)	(5.0, 0.7506655775397834)	(6.0, 0.6080958431657288)	(7.0, 0.4923761118170267)	(8.0, 0.49313244993041694)	(9.0, 0.33694862951533855)	('>10', 6.66409511708114)	('>50', 2.7905094693531796)	('>100', 9.989335632601199)	('>500', 8.14122345253222)	('>1k', 29.38713922671991)	('>5k', 13.393235311913838)	('>10k+', 16.05819265444424)
ERR4588263_2	(1.0, 9.181944696557148)	(2.0, 2.27052701639741)	(3.0, 1.4215374841168997)	(4.0, 1.0255944817571245)	(5.0, 0.839535305863133)	(6.0, 0.6920493737520421)	(7.0, 0.55855569673867)	(8.0, 0.5264113269195861)	(9.0, 0.45947540388455255)	('>10', 6.737459914079991)	('>50', 2.9413989229745265)	('>100', 10.856855448659768)	('>500', 5.7674562836570455)	('>1k', 31.07415138863678)	('>5k', 14.386685423851878)	('>10k+', 11.260361832153446)
ERR4588264_1	(1.0, 8.932079070170653)	(2.0, 2.5778787052248986)	(3.0, 1.378378549816364)	(4.0, 1.0343653728641897)	(5.0, 0.7812714743935366)	(6.0, 0.6051418023584038)	(7.0, 0.5298690973830049)	(8.0, 0.47362600883397077)	(9.0, 0.4376811778063927)	('>10', 6.89062410798673)	('>50', 3.6407885027286353)	('>100', 9.871296360903019)	('>500', 7.685850634426268)	('>1k', 34.031297375815896)	('>5k', 7.231677122383692)	('>10k+', 13.898174636904347)
ERR4588264_2	(1.0, 11.517358181783582)	(2.0, 2.614246416617507)	(3.0, 1.502071056587736)	(4.0, 1.0478975445451604)	(5.0, 0.8119303008582357)	(6.0, 0.6432010352111336)	(7.0, 0.615713811484162)	(8.0, 0.5243716526376105)	(9.0, 0.4871581805149414)	('>10', 7.209264463037085)	('>50', 3.766595411325159)	('>100', 10.06370692699182)	('>500', 6.968222654969796)	('>1k', 33.42848141546516)	('>5k', 7.005436127092465)	('>10k+', 11.79434482087845)
ERR4588265_1	(1.0, 10.99439126706376)	(2.0, 2.9237258673835957)	(3.0, 1.6913110992653024)	(4.0, 1.2677590562495655)	(5.0, 0.8589820845018195)	(6.0, 0.703988689827798)	(7.0, 0.642860453797483)	(8.0, 0.5724615848147032)	(9.0, 0.3728532690569448)	('>10', 8.226527916193477)	('>50', 4.183373119799754)	('>100', 13.807448953577307)	('>500', 8.132373050270008)	('>1k', 26.139129024034112)	('>5k', 10.156847521264515)	('>10k+', 9.325967042899853)
ERR4588265_2	(1.0, 17.163997496929102)	(2.0, 3.2244420237791735)	(3.0, 1.8816487820705958)	(4.0, 1.3488770945836326)	(5.0, 1.055983034741697)	(6.0, 0.8256657473288989)	(7.0, 0.7402020997983637)	(8.0, 0.6164970913389112)	(9.0, 0.6023014346304494)	('>10', 8.135270123067652)	('>50', 4.122534591049204)	('>100', 14.298502792778178)	('>500', 7.0474192875518575)	('>1k', 23.716886457922914)	('>5k', 15.21977194242937)	('>10k+', 0.0)
ERR4588266_1	(1.0, 9.635901054026895)	(2.0, 2.7323455839907638)	(3.0, 1.5313321788211147)	(4.0, 1.105338550018173)	(5.0, 0.8044170782288927)	(6.0, 0.6814829068052081)	(7.0, 0.5724456417163748)	(8.0, 0.5131165415945096)	(9.0, 0.43775254954781606)	('>10', 7.34852372095012)	('>50', 3.4303978791182943)	('>100', 11.235381523528531)	('>500', 9.192803540504137)	('>1k', 23.826513159301307)	('>5k', 13.491223569153144)	('>10k+', 13.461024522694718)
ERR4588266_2	(1.0, 14.752902315438392)	(2.0, 2.941868171808522)	(3.0, 1.718138669745366)	(4.0, 1.2068928655420863)	(5.0, 0.964765997477177)	(6.0, 0.7857097043165929)	(7.0, 0.6715947234515639)	(8.0, 0.5344963974942809)	(9.0, 0.5507985376178565)	('>10', 7.840527654843607)	('>50', 3.469416116135377)	('>100', 11.10282641694995)	('>500', 9.229416543732496)	('>1k', 21.01025164090394)	('>5k', 13.16250828469416)	('>10k+', 10.057885959848631)
ERR4588267_1	(1.0, 8.35504619198185)	(2.0, 2.2111571640070347)	(3.0, 1.3927137518892505)	(4.0, 1.0360356183605788)	(5.0, 0.7850627895691736)	(6.0, 0.6175415171492948)	(7.0, 0.5430532760917473)	(8.0, 0.5192541285339416)	(9.0, 0.41169434476619654)	('>10', 6.922770220775728)	('>50', 3.3309534185775527)	('>100', 13.557787111988898)	('>500', 9.621037210121747)	('>1k', 23.67304298373313)	('>5k', 14.036242701852316)	('>10k+', 12.986607570601564)
ERR4588267_2	(1.0, 14.68005600526672)	(2.0, 2.653759492614537)	(3.0, 1.610615037970458)	(4.0, 1.1534859569575417)	(5.0, 0.9303303136233121)	(6.0, 0.7473550492827803)	(7.0, 0.6555583372741013)	(8.0, 0.5711795413873357)	(9.0, 0.5034910567748755)	('>10', 7.596255188677787)	('>50', 3.5296917546771507)	('>100', 12.915519207766557)	('>500', 9.685016736673251)	('>1k', 18.899613959281822)	('>5k', 12.518351615405777)	('>10k+', 11.349720746365993)
ERR4588268_1	(1.0, 6.932905132293094)	(2.0, 1.8604818776445127)	(3.0, 1.1772275203976128)	(4.0, 0.8515202156512176)	(5.0, 0.6631754717798275)	(6.0, 0.6137193142770822)	(7.0, 0.4852896390225055)	(8.0, 0.43651338952040186)	(9.0, 0.4203530742703991)	('>10', 6.353296302344812)	('>50', 3.0544124138551174)	('>100', 8.244316567678265)	('>500', 4.596532138466076)	('>1k', 16.889197132257085)	('>5k', 7.476459839655826)	('>10k+', 39.94459997088617)
ERR4588268_2	(1.0, 11.72841303545224)	(2.0, 2.0415232360954354)	(3.0, 1.2091569521718044)	(4.0, 0.875206892071739)	(5.0, 0.7158962556325899)	(6.0, 0.5749807694338402)	(7.0, 0.5311262490272296)	(8.0, 0.44406137302527954)	(9.0, 0.4227176918409147)	('>10', 7.072880157742081)	('>50', 3.1645677337628983)	('>100', 7.441348808886311)	('>500', 4.7585696613952555)	('>1k', 16.321910530530154)	('>5k', 6.250323731501991)	('>10k+', 36.447316921430236)
ERR4588269_1	(1.0, 7.788121324750471)	(2.0, 2.2135489159753727)	(3.0, 1.389179527840225)	(4.0, 1.0397728472612853)	(5.0, 0.7276106150517486)	(6.0, 0.6554254986244512)	(7.0, 0.576521022955251)	(8.0, 0.5083675220730951)	(9.0, 0.3956742685017557)	('>10', 7.285705235148776)	('>50', 3.2636887746384504)	('>100', 12.903665506457305)	('>500', 9.597356796055928)	('>1k', 21.1281612185462)	('>5k', 9.280395021530746)	('>10k+', 21.24680590458894)
ERR4588269_2	(1.0, 14.226803332034258)	(2.0, 2.5364621229719537)	(3.0, 1.5717541175273526)	(4.0, 1.117333451082105)	(5.0, 0.893674779173058)	(6.0, 0.6623368395589796)	(7.0, 0.6235565376485699)	(8.0, 0.5651941030903292)	(9.0, 0.48897737111789025)	('>10', 7.504180401356926)	('>50', 3.172881434026451)	('>100', 12.255535312152634)	('>500', 8.030786184229472)	('>1k', 20.8371169725255)	('>5k', 7.718431970327309)	('>10k+', 17.794975071177213)
ERR4588270_1	(1.0, 9.447564814093937)	(2.0, 2.5567505644470643)	(3.0, 1.5501996418680695)	(4.0, 1.0926360512061928)	(5.0, 0.9209106783374671)	(6.0, 0.7060315200587247)	(7.0, 0.638409093436843)	(8.0, 0.5000500494933879)	(9.0, 0.48447909599492833)	('>10', 7.958759217448367)	('>50', 4.142318514975921)	('>100', 14.202711570330662)	('>500', 7.815728887455372)	('>1k', 22.560976966110932)	('>5k', 8.737751776757015)	('>10k+', 16.684721557985117)
ERR4588270_2	(1.0, 15.536697400762979)	(2.0, 2.817897698835515)	(3.0, 1.7303778180645304)	(4.0, 1.1655970904561177)	(5.0, 0.9431548976209807)	(6.0, 0.771429524752255)	(7.0, 0.6960216213811435)	(8.0, 0.5908064641701237)	(9.0, 0.5004949338790582)	('>10', 8.196105037203456)	('>50', 3.6451602139893895)	('>100', 13.184593653724239)	('>500', 7.3846359177408765)	('>1k', 20.298072538399083)	('>5k', 11.274482543848917)	('>10k+', 11.264472645171336)
ERR4588271_1	(1.0, 7.450448612272241)	(2.0, 2.155577905416752)	(3.0, 1.332023639492325)	(4.0, 0.9707142586296245)	(5.0, 0.7637874468012112)	(6.0, 0.6619491205610497)	(7.0, 0.5978487556403806)	(8.0, 0.48535712931481223)	(9.0, 0.4273959542738692)	('>10', 6.578683649351142)	('>50', 3.307939958722976)	('>100', 10.743943418337038)	('>500', 7.197477876345881)	('>1k', 21.25044463985526)	('>5k', 10.412246600423604)	('>10k+', 25.664161034561833)
ERR4588271_2	(1.0, 11.501952804074978)	(2.0, 2.30400184897954)	(3.0, 1.343399197210641)	(4.0, 0.991659729983984)	(5.0, 0.8612922272439192)	(6.0, 0.6814500766495913)	(7.0, 0.5738336893461583)	(8.0, 0.5084693735678986)	(9.0, 0.46964802579904263)	('>10', 6.841224298913544)	('>50', 3.1075134655907437)	('>100', 9.983406130883916)	('>500', 6.25998746883007)	('>1k', 21.678743416170263)	('>5k', 10.052020606010267)	('>10k+', 22.84139764074544)
ERR4588272_1	(1.0, 8.341072248018605)	(2.0, 2.454363736768012)	(3.0, 1.5134050446834821)	(4.0, 1.0602702009006697)	(5.0, 0.8182249496387209)	(6.0, 0.7504025013416712)	(7.0, 0.5596907545247374)	(8.0, 0.46666822222740745)	(9.0, 0.4410014700049)	('>10', 7.080445823708301)	('>50', 3.2266996445543707)	('>100', 11.033903446344821)	('>500', 7.736736900234112)	('>1k', 21.77333924446415)	('>5k', 11.27221535182895)	('>10k+', 21.471560460757093)
ERR4588272_2	(1.0, 12.643902870547977)	(2.0, 2.649744064361572)	(3.0, 1.5787950924926606)	(4.0, 1.1409983889184185)	(5.0, 0.9522876480320001)	(6.0, 0.7476048684699007)	(7.0, 0.6345323957566669)	(8.0, 0.5950517837757892)	(9.0, 0.48608529470856654)	('>10', 7.593542985954099)	('>50', 3.1104405343014707)	('>100', 10.434251979202212)	('>500', 6.314055312877813)	('>1k', 21.876838788396043)	('>5k', 9.756448832714504)	('>10k+', 19.485419159490316)
ERR4588273_1	(1.0, 10.910218323477482)	(2.0, 3.407275580841344)	(3.0, 2.148202124379922)	(4.0, 1.444746503741487)	(5.0, 0.9879207421316667)	(6.0, 0.7945405117569575)	(7.0, 0.59100081275749)	(8.0, 0.5296936745046383)	(9.0, 0.39727025587847875)	('>10', 6.762002186037387)	('>50', 3.3785488074885794)	('>100', 12.182253860598077)	('>500', 14.630685799164823)	('>1k', 25.029777752865673)	('>5k', 13.026891062470222)	('>10k+', 3.778972001905776)
ERR4588273_2	(1.0, 13.773787169642107)	(2.0, 3.5214820212437994)	(3.0, 2.0431041730893194)	(4.0, 1.329839410330428)	(5.0, 1.0194501275188477)	(6.0, 0.741991536111656)	(7.0, 0.6008099548779462)	(8.0, 0.5296936745046383)	(9.0, 0.47609371934643085)	('>10', 6.904585073288305)	('>50', 3.4924049213867328)	('>100', 12.333945236960847)	('>500', 12.426431434096578)	('>1k', 23.799431069757013)	('>5k', 9.478083573890867)	('>10k+', 7.528866903954485)
ERR4588274_1	(1.0, 7.840499234219586)	(2.0, 2.577589566521123)	(3.0, 1.5012771281124568)	(4.0, 0.958156368140556)	(5.0, 0.6875888963081193)	(6.0, 0.5882980809567663)	(7.0, 0.4726242810724401)	(8.0, 0.5242555050551436)	(9.0, 0.3373405451562217)	('>10', 5.5334771395309)	('>50', 2.842447816470857)	('>100', 8.50276897261311)	('>500', 10.206599364042328)	('>1k', 34.87068612435678)	('>5k', 13.706848832215899)	('>10k+', 8.84954214522771)
ERR4588274_2	(1.0, 10.2723795292126)	(2.0, 2.5765966583676096)	(3.0, 1.4893622302702945)	(4.0, 1.0713478976410986)	(5.0, 0.7868797116594722)	(6.0, 0.6031917032594692)	(7.0, 0.4726242810724401)	(8.0, 0.49446826044973774)	(9.0, 0.43787249569946657)	('>10', 5.74844175476658)	('>50', 2.832022280858965)	('>100', 9.882166624881782)	('>500', 11.470571443465051)	('>1k', 27.501818263056123)	('>5k', 9.993372338075297)	('>10k+', 14.366884527264018)
ERR4588275_1	(1.0, 7.901713945834935)	(2.0, 2.4285341540671497)	(3.0, 1.30292428506098)	(4.0, 0.9045279705074503)	(5.0, 0.6887767269217713)	(6.0, 0.4932258598486655)	(7.0, 0.44777501269537545)	(8.0, 0.3882961262972429)	(9.0, 0.34845649484188995)	('>10', 5.815183388557048)	('>50', 3.0250063827578564)	('>100', 10.068484887593323)	('>500', 11.81806194221009)	('>1k', 32.001043686119814)	('>5k', 7.647806435503283)	('>10k+', 14.720182701183123)
ERR4588275_2	(1.0, 10.416380260865418)	(2.0, 2.577792491632275)	(3.0, 1.4022428029144653)	(4.0, 0.9819627471389814)	(5.0, 0.763125334919437)	(6.0, 0.5470935305488611)	(7.0, 0.5145484795008263)	(8.0, 0.43094136560156443)	(9.0, 0.37875705961074996)	('>10', 6.278108683636853)	('>50', 3.062320967149138)	('>100', 9.776140549730803)	('>500', 11.76110810287603)	('>1k', 29.45916297495434)	('>5k', 7.6447202668694185)	('>10k+', 14.005594382050843)
ERR4588276_1	(1.0, 7.639276966224651)	(2.0, 2.3888735108710977)	(3.0, 1.3819325119730925)	(4.0, 0.9985846420606777)	(5.0, 0.7520721153595061)	(6.0, 0.6094917768225998)	(7.0, 0.4972032318210068)	(8.0, 0.3885705929357448)	(9.0, 0.3736858323192546)	('>10', 5.949987204328592)	('>50', 2.9636341795885537)	('>100', 10.277796637610917)	('>500', 8.642562059006325)	('>1k', 25.438055893581797)	('>5k', 15.613330478244746)	('>10k+', 16.084942367251436)
ERR4588276_2	(1.0, 10.450929905834304)	(2.0, 2.4593802716860518)	(3.0, 1.4767249348465303)	(4.0, 1.0121637219213353)	(5.0, 0.8016879840811403)	(6.0, 0.6423949318695782)	(7.0, 0.5611815888567981)	(8.0, 0.5013814102396708)	(9.0, 0.40893921272673145)	('>10', 6.432566811684276)	('>50', 2.8570906299126237)	('>100', 10.165508092609326)	('>500', 9.502222268646426)	('>1k', 23.73153114570875)	('>5k', 12.877668158624545)	('>10k+', 16.118628930751917)
ERR4588277_1	(1.0, 8.688307968703214)	(2.0, 2.4891619908088476)	(3.0, 1.4870529728040827)	(4.0, 1.0987723432231522)	(5.0, 0.7518258628096807)	(6.0, 0.7362035072188302)	(7.0, 0.5809563485347532)	(8.0, 0.4322185046801974)	(9.0, 0.45402470935909284)	('>10', 7.002395427857263)	('>50', 3.471743064325049)	('>100', 11.398461197974301)	('>500', 8.055928033015244)	('>1k', 30.32657232499707)	('>5k', 17.963105203546277)	('>10k+', 5.063270540142945)
ERR4588277_2	(1.0, 13.816671657141368)	(2.0, 2.756694830302162)	(3.0, 1.714553526095843)	(4.0, 1.2250530509158606)	(5.0, 0.9975524976241)	(6.0, 0.8162680796219389)	(7.0, 0.6811997969093774)	(8.0, 0.5259526382253004)	(9.0, 0.5272545011912046)	('>10', 7.50393813547186)	('>50', 3.67776287867939)	('>100', 10.660955827789568)	('>500', 7.583026310650541)	('>1k', 31.412000572819704)	('>5k', 11.322302214468905)	('>10k+', 4.778813482092875)
ERR4588278_1	(1.0, 7.376784915707259)	(2.0, 2.3719142061783476)	(3.0, 1.499173192724096)	(4.0, 0.9977154465625964)	(5.0, 0.7531399609649898)	(6.0, 0.6167254271837592)	(7.0, 0.4938310123795756)	(8.0, 0.4257104129183003)	(9.0, 0.421203706592618)	('>10', 6.0733067784329835)	('>50', 2.7144238869302053)	('>100', 9.948034209367709)	('>500', 6.941194415844193)	('>1k', 20.466686773510272)	('>5k', 13.253703299255701)	('>10k+', 25.646452355447398)
ERR4588278_2	(1.0, 10.891495845163437)	(2.0, 2.4838885248856855)	(3.0, 1.4638128815533578)	(4.0, 1.0871562336415226)	(5.0, 0.8450074360654375)	(6.0, 0.6614458207232223)	(7.0, 0.554498212917607)	(8.0, 0.4908843197820141)	(9.0, 0.44148388505818853)	('>10', 6.8928339902724485)	('>50', 2.6884236581281913)	('>100', 10.363171195906524)	('>500', 5.268859699298687)	('>1k', 21.201453239455173)	('>5k', 12.301228250808608)	('>10k+', 22.364356806339895)
ERR4588279_1	(1.0, 7.9529444107169445)	(2.0, 2.291497233708663)	(3.0, 1.3797092816806222)	(4.0, 0.9976976208749041)	(5.0, 0.7316640130124512)	(6.0, 0.6391679362206619)	(7.0, 0.5392263547954778)	(8.0, 0.46505767402435255)	(9.0, 0.35566602902601346)	('>10', 6.382515664196287)	('>50', 2.7963597209653956)	('>100', 11.149070457383077)	('>500', 9.373317602318416)	('>1k', 23.4215530177203)	('>5k', 16.84344967411599)	('>10k+', 14.681103309240445)
ERR4588279_2	(1.0, 12.77763141315678)	(2.0, 2.564689980641688)	(3.0, 1.576442423339939)	(4.0, 1.0939164499833909)	(5.0, 0.9006196950779487)	(6.0, 0.7113320580520269)	(7.0, 0.585331210409961)	(8.0, 0.5452400316147582)	(9.0, 0.49741698262333767)	('>10', 6.819223147501175)	('>50', 2.8298644918156723)	('>100', 11.315448849383168)	('>500', 8.404829268851445)	('>1k', 23.237706326388015)	('>5k', 15.024741984627896)	('>10k+', 11.1155656865328)
ERR4588280_1	(1.0, 7.548331486270164)	(2.0, 2.1138611829413456)	(3.0, 1.3491257234330747)	(4.0, 0.9245577309855109)	(5.0, 0.7721750194967779)	(6.0, 0.6033739687230637)	(7.0, 0.5180755654065591)	(8.0, 0.4730534006485244)	(9.0, 0.45830254894717404)	('>10', 6.527957353363707)	('>50', 3.062020276649017)	('>100', 9.230441653326766)	('>500', 5.18267967820055)	('>1k', 18.547977465829334)	('>5k', 14.662603127693632)	('>10k+', 28.025463818084802)
ERR4588280_2	(1.0, 12.158827033494946)	(2.0, 2.232912884598129)	(3.0, 1.3923050323355317)	(4.0, 0.99068213090575)	(5.0, 0.7880306904407441)	(6.0, 0.6370196205743484)	(7.0, 0.604949291903717)	(8.0, 0.48006149828052486)	(9.0, 0.46736756443176103)	('>10', 7.05154436376535)	('>50', 2.8576737746202077)	('>100', 8.671495477354064)	('>500', 4.56032779055693)	('>1k', 15.967943009312737)	('>5k', 13.487240603534609)	('>10k+', 27.65161923389065)
ERR4588281_1	(1.0, 10.316019871132752)	(2.0, 2.707195907727116)	(3.0, 1.6246126604692341)	(4.0, 1.1539029068909548)	(5.0, 0.9320741724460183)	(6.0, 0.8292754906300723)	(7.0, 0.698932664404112)	(8.0, 0.5626875215188628)	(9.0, 0.5555555555555556)	('>10', 8.147410358565738)	('>50', 3.7280507599232697)	('>100', 13.710097880084598)	('>500', 7.288377354778418)	('>1k', 19.71595101077173)	('>5k', 15.996261866115786)	('>10k+', 12.033594018985786)
ERR4588281_2	(1.0, 18.320299050710737)	(2.0, 3.0244454281638875)	(3.0, 1.7670060498745759)	(4.0, 1.2522748512124342)	(5.0, 1.0193792730313316)	(6.0, 0.7584476907186071)	(7.0, 0.7436918990703851)	(8.0, 0.6118734936796026)	(9.0, 0.5422753430721559)	('>10', 8.251930549407309)	('>50', 3.945698686734543)	('>100', 12.130490384142442)	('>500', 7.663174462643255)	('>1k', 19.123997835817224)	('>5k', 10.3524174905317)	('>10k+', 10.492597511189809)
ERR4588282_1	(1.0, 9.386456891737684)	(2.0, 2.734843518585962)	(3.0, 1.579139048728968)	(4.0, 1.1984363998348992)	(5.0, 0.934760968266686)	(6.0, 0.8157913904872897)	(7.0, 0.6696287663583169)	(8.0, 0.47782067157112684)	(9.0, 0.45014203510816525)	('>10', 8.171510428047684)	('>50', 3.7171923179644057)	('>100', 15.781193094908588)	('>500', 9.779299293466385)	('>1k', 28.26183018913735)	('>5k', 10.56061378590332)	('>10k+', 5.48134119989317)
ERR4588282_2	(1.0, 13.903416126447665)	(2.0, 2.887318814188943)	(3.0, 1.7670624226090756)	(4.0, 1.3557675965717337)	(5.0, 0.9736081773375094)	(6.0, 0.8449267972904071)	(7.0, 0.6730278971520139)	(8.0, 0.5710539733411027)	(9.0, 0.5725107436812586)	('>10', 7.575205768810547)	('>50', 3.8832641367421763)	('>100', 14.320538033845631)	('>500', 9.534076286206814)	('>1k', 25.418700075266464)	('>5k', 10.214873625172991)	('>10k+', 5.504649525335664)
ERR4588283_1	(1.0, 8.93615815629173)	(2.0, 2.4743625690430324)	(3.0, 1.4174843992075046)	(4.0, 1.0256222271688593)	(5.0, 0.8058047726054174)	(6.0, 0.6792138992178698)	(7.0, 0.5677988705128323)	(8.0, 0.47054263185356243)	(9.0, 0.46489289184845967)	('>10', 7.215222427588171)	('>50', 3.7315523851560286)	('>100', 11.858098053210158)	('>500', 6.108781380517412)	('>1k', 20.199535617886948)	('>5k', 10.338217103623125)	('>10k+', 23.706712614268895)
ERR4588283_2	(1.0, 15.015381912549064)	(2.0, 2.5739411118593054)	(3.0, 1.4717181824721874)	(4.0, 1.0053628151506095)	(5.0, 0.8615872499510664)	(6.0, 0.6851604935399903)	(7.0, 0.6092952301540757)	(8.0, 0.5218430064176894)	(9.0, 0.49817837890396355)	('>10', 7.563924539117657)	('>50', 3.866801449863052)	('>100', 10.759552935899281)	('>500', 5.444398864119296)	('>1k', 18.04328258982)	('>5k', 9.47440354195591)	('>10k+', 21.605167698226854)
ERR4588284_1	(1.0, 5.964836975430673)	(2.0, 1.799608885002326)	(3.0, 1.201738822095998)	(4.0, 0.932064098069353)	(5.0, 0.700514421532387)	(6.0, 0.6030689330185574)	(7.0, 0.48522787714136795)	(8.0, 0.43830474176945544)	(9.0, 0.40791134726719397)	('>10', 6.434334937873502)	('>50', 2.869243084502968)	('>100', 8.723570743958312)	('>500', 6.566172951745155)	('>1k', 16.1084990861986)	('>5k', 6.040553852962622)	('>10k+', 40.724349241431526)
ERR4588284_2	(1.0, 10.093273061987862)	(2.0, 2.0560864772056204)	(3.0, 1.3161139645650344)	(4.0, 0.926731923595272)	(5.0, 0.7185105103824102)	(6.0, 0.6254640658096974)	(7.0, 0.551480144981824)	(8.0, 0.49909153077397844)	(9.0, 0.40671160801052575)	('>10', 6.717206793723498)	('>50', 3.0473377119372724)	('>100', 8.486155675499859)	('>500', 5.949773582541394)	('>1k', 16.776620547800945)	('>5k', 5.317644298639096)	('>10k+', 36.51179810254571)
ERR4588285_1	(1.0, 8.577253974533425)	(2.0, 2.4649280301877607)	(3.0, 1.5337329965612732)	(4.0, 1.05900611667326)	(5.0, 0.8281636503540888)	(6.0, 0.6651393097332052)	(7.0, 0.6147104470344785)	(8.0, 0.4277758697891987)	(9.0, 0.434296843414034)	('>10', 6.53662396153495)	('>50', 3.9604046481499995)	('>100', 13.565364065957475)	('>500', 7.528681415659901)	('>1k', 24.02457102861838)	('>5k', 5.147656579445021)	('>10k+', 22.63169106235355)
ERR4588285_2	(1.0, 12.564177248757755)	(2.0, 2.6492542179831062)	(3.0, 1.621114043134067)	(4.0, 1.21029270476944)	(5.0, 0.8672894921031009)	(6.0, 0.7251322670816904)	(7.0, 0.6207966890843248)	(8.0, 0.5564564159859495)	(9.0, 0.47733526933794723)	('>10', 7.095254035395845)	('>50', 3.239184965243211)	('>100', 13.55362631343277)	('>500', 7.098731887995758)	('>1k', 21.12838927604151)	('>5k', 4.732053193755516)	('>10k+', 21.860911979898013)
ERR4588286_1	(1.0, 14.368023895613897)	(2.0, 2.7369910391447885)	(3.0, 1.74972488602421)	(4.0, 1.2733846879421475)	(5.0, 1.0454331080018866)	(6.0, 0.7970444898600848)	(7.0, 0.682282659959126)	(8.0, 0.509353875176859)	(9.0, 0.46690771891212074)	('>10', 7.387203269926113)	('>50', 3.4428548970287696)	('>100', 9.152648954566892)	('>500', 6.483257349473353)	('>1k', 8.155164282345543)	('>5k', 8.377613582770005)	('>10k+', 33.3721113032542)
ERR4588286_2	(1.0, 18.08442068857098)	(2.0, 2.875334066970602)	(3.0, 1.8133941204213175)	(4.0, 1.2765288476654615)	(5.0, 1.021851910077032)	(6.0, 0.7593145731803175)	(7.0, 0.709794057538123)	(8.0, 0.6539852224493005)	(9.0, 0.6508410627259865)	('>10', 7.914636063512026)	('>50', 3.7093224335796258)	('>100', 9.8703034114133)	('>500', 5.204370382015407)	('>1k', 10.371010847351045)	('>5k', 19.038673164596762)	('>10k+', 16.046219147932714)
ERR4588287_1	(1.0, 7.629000234837003)	(2.0, 1.9000448325185202)	(3.0, 1.2360965820541832)	(4.0, 0.9991246984479408)	(5.0, 0.8486155291304627)	(6.0, 0.7813667513503127)	(7.0, 0.5902948271813155)	(8.0, 0.6660831322986273)	(9.0, 0.33624388890074935)	('>10', 6.973591511709827)	('>50', 3.439294635041951)	('>100', 9.729723959778825)	('>500', 5.851711107790184)	('>1k', 9.982707457142247)	('>5k', 9.242970901560598)	('>10k+', 39.79312995025725)
ERR4588287_2	(1.0, 10.956213573578703)	(2.0, 2.0964539612732436)	(3.0, 1.3641894921116116)	(4.0, 0.9991246984479408)	(5.0, 0.9340108025020815)	(6.0, 0.8582224973847699)	(7.0, 0.5902948271813155)	(8.0, 0.6063064409384941)	(9.0, 0.5572041587498132)	('>10', 7.892658141371875)	('>50', 3.2717064110501486)	('>100', 9.469268375995389)	('>500', 4.488589056595718)	('>1k', 10.031809739330928)	('>5k', 8.659080719882155)	('>10k+', 37.22486710360581)
