Sample	0	1	2	3	4	5	6	7	8	9	10	11
SRR33022240_1	(28.0, 101.0)	(29.0, 1090.0)	(30.0, 2336.0)	(31.0, 4121.0)	(32.0, 7718.0)	(33.0, 14024.0)	(34.0, 26939.0)	(35.0, 54756.0)	(36.0, 131796.0)	(37.0, 133342.0)		
SRR33022240_2	(27.0, 265.0)	(28.0, 11013.0)	(29.0, 27893.0)	(30.0, 35935.0)	(31.0, 46787.0)	(32.0, 57917.0)	(33.0, 70006.0)	(34.0, 72229.0)	(35.0, 46264.0)	(36.0, 7885.0)	(37.0, 29.0)	
SRR33022241_1	(27.0, 1.0)	(28.0, 86.0)	(29.0, 1066.0)	(30.0, 2237.0)	(31.0, 4011.0)	(32.0, 7509.0)	(33.0, 14002.0)	(34.0, 26246.0)	(35.0, 53088.0)	(36.0, 128937.0)	(37.0, 132302.0)	
SRR33022241_2	(27.0, 272.0)	(28.0, 10195.0)	(29.0, 26480.0)	(30.0, 34479.0)	(31.0, 44312.0)	(32.0, 55913.0)	(33.0, 67593.0)	(34.0, 71328.0)	(35.0, 49282.0)	(36.0, 9580.0)	(37.0, 51.0)	
SRR33022242_1	(27.0, 9.0)	(28.0, 201.0)	(29.0, 1271.0)	(30.0, 2597.0)	(31.0, 5188.0)	(32.0, 11289.0)	(33.0, 24033.0)	(34.0, 50879.0)	(35.0, 107630.0)	(36.0, 194865.0)	(37.0, 71178.0)	
SRR33022242_2	(27.0, 238.0)	(28.0, 18175.0)	(29.0, 55123.0)	(30.0, 67636.0)	(31.0, 78001.0)	(32.0, 86586.0)	(33.0, 84579.0)	(34.0, 58347.0)	(35.0, 18958.0)	(36.0, 1491.0)	(37.0, 6.0)	
SRR33022243_1	(27.0, 9.0)	(28.0, 231.0)	(29.0, 1134.0)	(30.0, 2216.0)	(31.0, 4439.0)	(32.0, 9490.0)	(33.0, 21725.0)	(34.0, 47792.0)	(35.0, 104226.0)	(36.0, 192393.0)	(37.0, 69512.0)	
SRR33022243_2	(27.0, 206.0)	(28.0, 16912.0)	(29.0, 53609.0)	(30.0, 66396.0)	(31.0, 76043.0)	(32.0, 84019.0)	(33.0, 80478.0)	(34.0, 55726.0)	(35.0, 18482.0)	(36.0, 1293.0)	(37.0, 3.0)	
SRR33022244_1	(27.0, 13.0)	(28.0, 289.0)	(29.0, 1748.0)	(30.0, 3495.0)	(31.0, 6947.0)	(32.0, 14175.0)	(33.0, 29092.0)	(34.0, 58133.0)	(35.0, 116660.0)	(36.0, 200049.0)	(37.0, 66757.0)	
SRR33022244_2	(27.0, 237.0)	(28.0, 17392.0)	(29.0, 53938.0)	(30.0, 67240.0)	(31.0, 79900.0)	(32.0, 90617.0)	(33.0, 92001.0)	(34.0, 68549.0)	(35.0, 25247.0)	(36.0, 2232.0)	(37.0, 5.0)	
SRR33022245_1	(27.0, 13.0)	(28.0, 190.0)	(29.0, 1020.0)	(30.0, 2080.0)	(31.0, 4327.0)	(32.0, 9529.0)	(33.0, 21497.0)	(34.0, 47511.0)	(35.0, 102636.0)	(36.0, 184589.0)	(37.0, 61339.0)	
SRR33022245_2	(27.0, 235.0)	(28.0, 17226.0)	(29.0, 51797.0)	(30.0, 63450.0)	(31.0, 74183.0)	(32.0, 82462.0)	(33.0, 78571.0)	(34.0, 51403.0)	(35.0, 14555.0)	(36.0, 846.0)	(37.0, 3.0)	
SRR33022246_1	(27.0, 6.0)	(28.0, 218.0)	(29.0, 1151.0)	(30.0, 2182.0)	(31.0, 4365.0)	(32.0, 8905.0)	(33.0, 18801.0)	(34.0, 38647.0)	(35.0, 78933.0)	(36.0, 126650.0)	(37.0, 34230.0)	
SRR33022246_2	(27.0, 153.0)	(28.0, 12022.0)	(29.0, 37587.0)	(30.0, 46054.0)	(31.0, 53759.0)	(32.0, 58776.0)	(33.0, 55715.0)	(34.0, 37479.0)	(35.0, 11795.0)	(36.0, 741.0)	(37.0, 7.0)	
SRR33022247_1	(27.0, 13.0)	(28.0, 303.0)	(29.0, 1891.0)	(30.0, 3263.0)	(31.0, 5200.0)	(32.0, 9559.0)	(33.0, 17052.0)	(34.0, 32098.0)	(35.0, 63951.0)	(36.0, 122547.0)	(37.0, 67122.0)	
SRR33022247_2	(27.0, 195.0)	(28.0, 10388.0)	(29.0, 30512.0)	(30.0, 39870.0)	(31.0, 48591.0)	(32.0, 59344.0)	(33.0, 63228.0)	(34.0, 49764.0)	(35.0, 19447.0)	(36.0, 1656.0)	(37.0, 4.0)	
SRR33022248_1	(27.0, 18.0)	(28.0, 892.0)	(29.0, 6678.0)	(30.0, 13047.0)	(31.0, 22558.0)	(32.0, 40227.0)	(33.0, 74548.0)	(34.0, 142541.0)	(35.0, 280505.0)	(36.0, 532421.0)	(37.0, 267943.0)	
SRR33022248_2	(27.0, 756.0)	(28.0, 43789.0)	(29.0, 131420.0)	(30.0, 170625.0)	(31.0, 210478.0)	(32.0, 250454.0)	(33.0, 268633.0)	(34.0, 212067.0)	(35.0, 85199.0)	(36.0, 7932.0)	(37.0, 25.0)	
SRR33022249_1	(27.0, 168.0)	(28.0, 9264.0)	(29.0, 69618.0)	(30.0, 126442.0)	(31.0, 214130.0)	(32.0, 380116.0)	(33.0, 671834.0)	(34.0, 1164526.0)	(35.0, 2047895.0)	(36.0, 3408094.0)	(37.0, 1449166.0)	
SRR33022249_2	(26.0, 1.0)	(27.0, 4949.0)	(28.0, 312602.0)	(29.0, 878012.0)	(30.0, 1113001.0)	(31.0, 1382097.0)	(32.0, 1716675.0)	(33.0, 1892258.0)	(34.0, 1507026.0)	(35.0, 648260.0)	(36.0, 85757.0)	(37.0, 615.0)
SRR33022250_1	(27.0, 2.0)	(28.0, 179.0)	(29.0, 1366.0)	(30.0, 2693.0)	(31.0, 4846.0)	(32.0, 8951.0)	(33.0, 17099.0)	(34.0, 32987.0)	(35.0, 66199.0)	(36.0, 124652.0)	(37.0, 66386.0)	
SRR33022250_2	(27.0, 202.0)	(28.0, 10962.0)	(29.0, 31599.0)	(30.0, 41142.0)	(31.0, 50247.0)	(32.0, 59485.0)	(33.0, 62546.0)	(34.0, 48398.0)	(35.0, 19025.0)	(36.0, 1734.0)	(37.0, 20.0)	
SRR33022251_1	(27.0, 3.0)	(28.0, 206.0)	(29.0, 1351.0)	(30.0, 2670.0)	(31.0, 5652.0)	(32.0, 12364.0)	(33.0, 27347.0)	(34.0, 57150.0)	(35.0, 117236.0)	(36.0, 203817.0)	(37.0, 71627.0)	
SRR33022251_2	(27.0, 198.0)	(28.0, 17294.0)	(29.0, 55982.0)	(30.0, 70293.0)	(31.0, 82170.0)	(32.0, 92285.0)	(33.0, 91925.0)	(34.0, 65265.0)	(35.0, 22461.0)	(36.0, 1548.0)	(37.0, 2.0)	
SRR33022252_1	(28.0, 252.0)	(29.0, 2715.0)	(30.0, 4746.0)	(31.0, 7486.0)	(32.0, 13277.0)	(33.0, 23428.0)	(34.0, 43573.0)	(35.0, 83551.0)	(36.0, 158132.0)	(37.0, 84473.0)		
SRR33022252_2	(27.0, 237.0)	(28.0, 13741.0)	(29.0, 41352.0)	(30.0, 52658.0)	(31.0, 65424.0)	(32.0, 77458.0)	(33.0, 81945.0)	(34.0, 63082.0)	(35.0, 23756.0)	(36.0, 1972.0)	(37.0, 8.0)	
SRR33022253_1	(27.0, 6.0)	(28.0, 556.0)	(29.0, 3989.0)	(30.0, 7624.0)	(31.0, 13027.0)	(32.0, 22980.0)	(33.0, 40684.0)	(34.0, 73135.0)	(35.0, 137990.0)	(36.0, 240867.0)	(37.0, 109573.0)	
SRR33022253_2	(27.0, 306.0)	(28.0, 18373.0)	(29.0, 56505.0)	(30.0, 74490.0)	(31.0, 93023.0)	(32.0, 114045.0)	(33.0, 127059.0)	(34.0, 110065.0)	(35.0, 50797.0)	(36.0, 5736.0)	(37.0, 32.0)	
SRR33022254_1	(27.0, 2.0)	(28.0, 241.0)	(29.0, 2065.0)	(30.0, 3855.0)	(31.0, 6676.0)	(32.0, 11529.0)	(33.0, 21500.0)	(34.0, 40727.0)	(35.0, 80602.0)	(36.0, 149877.0)	(37.0, 74947.0)	
SRR33022254_2	(27.0, 236.0)	(28.0, 12844.0)	(29.0, 38347.0)	(30.0, 50092.0)	(31.0, 60824.0)	(32.0, 72041.0)	(33.0, 75726.0)	(34.0, 57810.0)	(35.0, 22190.0)	(36.0, 1905.0)	(37.0, 6.0)	
SRR33022255_1	(27.0, 4.0)	(28.0, 223.0)	(29.0, 1841.0)	(30.0, 3498.0)	(31.0, 6126.0)	(32.0, 10532.0)	(33.0, 19088.0)	(34.0, 35373.0)	(35.0, 68106.0)	(36.0, 125939.0)	(37.0, 62321.0)	
SRR33022255_2	(27.0, 190.0)	(28.0, 9766.0)	(29.0, 29789.0)	(30.0, 39122.0)	(31.0, 48814.0)	(32.0, 58708.0)	(33.0, 65628.0)	(34.0, 54514.0)	(35.0, 23984.0)	(36.0, 2529.0)	(37.0, 7.0)	
SRR33022256_1	(27.0, 1.0)	(28.0, 98.0)	(29.0, 963.0)	(30.0, 2102.0)	(31.0, 3806.0)	(32.0, 7041.0)	(33.0, 12864.0)	(34.0, 23863.0)	(35.0, 47941.0)	(36.0, 116985.0)	(37.0, 123458.0)	
SRR33022256_2	(27.0, 232.0)	(28.0, 9333.0)	(29.0, 24148.0)	(30.0, 31356.0)	(31.0, 39870.0)	(32.0, 50868.0)	(33.0, 60978.0)	(34.0, 66290.0)	(35.0, 46921.0)	(36.0, 9072.0)	(37.0, 54.0)	
SRR33022257_1	(27.0, 3.0)	(28.0, 98.0)	(29.0, 1012.0)	(30.0, 2146.0)	(31.0, 3934.0)	(32.0, 7144.0)	(33.0, 13536.0)	(34.0, 26614.0)	(35.0, 55663.0)	(36.0, 138095.0)	(37.0, 144845.0)	
SRR33022257_2	(26.0, 1.0)	(27.0, 322.0)	(28.0, 12282.0)	(29.0, 30872.0)	(30.0, 39574.0)	(31.0, 50845.0)	(32.0, 62239.0)	(33.0, 73188.0)	(34.0, 72476.0)	(35.0, 44085.0)	(36.0, 7181.0)	(37.0, 25.0)
SRR33022258_1	(27.0, 8.0)	(28.0, 152.0)	(29.0, 1735.0)	(30.0, 3671.0)	(31.0, 6442.0)	(32.0, 11374.0)	(33.0, 19586.0)	(34.0, 34884.0)	(35.0, 66096.0)	(36.0, 155727.0)	(37.0, 165587.0)	
SRR33022258_2	(27.0, 249.0)	(28.0, 10657.0)	(29.0, 28095.0)	(30.0, 36965.0)	(31.0, 48782.0)	(32.0, 64049.0)	(33.0, 81532.0)	(34.0, 95882.0)	(35.0, 79028.0)	(36.0, 19875.0)	(37.0, 148.0)	
SRR33022259_1	(27.0, 2.0)	(28.0, 112.0)	(29.0, 1239.0)	(30.0, 2548.0)	(31.0, 4311.0)	(32.0, 7928.0)	(33.0, 14200.0)	(34.0, 26466.0)	(35.0, 53352.0)	(36.0, 128166.0)	(37.0, 135068.0)	
SRR33022259_2	(27.0, 227.0)	(28.0, 10437.0)	(29.0, 26857.0)	(30.0, 34940.0)	(31.0, 44671.0)	(32.0, 56478.0)	(33.0, 69012.0)	(34.0, 72603.0)	(35.0, 49019.0)	(36.0, 9108.0)	(37.0, 40.0)	
SRR33022260_1	(27.0, 1.0)	(28.0, 75.0)	(29.0, 912.0)	(30.0, 1912.0)	(31.0, 3317.0)	(32.0, 5923.0)	(33.0, 10911.0)	(34.0, 20453.0)	(35.0, 40972.0)	(36.0, 97180.0)	(37.0, 95561.0)	
SRR33022260_2	(27.0, 190.0)	(28.0, 7537.0)	(29.0, 19413.0)	(30.0, 25489.0)	(31.0, 32513.0)	(32.0, 41190.0)	(33.0, 50892.0)	(34.0, 55085.0)	(35.0, 37958.0)	(36.0, 6927.0)	(37.0, 23.0)	
SRR33022261_1	(28.0, 94.0)	(29.0, 945.0)	(30.0, 2106.0)	(31.0, 3655.0)	(32.0, 6577.0)	(33.0, 11855.0)	(34.0, 21852.0)	(35.0, 43249.0)	(36.0, 100327.0)	(37.0, 97167.0)		
SRR33022261_2	(27.0, 194.0)	(28.0, 7852.0)	(29.0, 19953.0)	(30.0, 26268.0)	(31.0, 34173.0)	(32.0, 43335.0)	(33.0, 52610.0)	(34.0, 56968.0)	(35.0, 38968.0)	(36.0, 7476.0)	(37.0, 30.0)	
SRR33022262_1	(27.0, 11.0)	(28.0, 201.0)	(29.0, 1102.0)	(30.0, 2140.0)	(31.0, 4431.0)	(32.0, 9935.0)	(33.0, 22309.0)	(34.0, 49068.0)	(35.0, 106091.0)	(36.0, 183069.0)	(37.0, 55370.0)	
SRR33022262_2	(27.0, 241.0)	(28.0, 19107.0)	(29.0, 57319.0)	(30.0, 68658.0)	(31.0, 77226.0)	(32.0, 80849.0)	(33.0, 72034.0)	(34.0, 44890.0)	(35.0, 12635.0)	(36.0, 762.0)	(37.0, 6.0)	
SRR33022263_1	(27.0, 2.0)	(28.0, 221.0)	(29.0, 1365.0)	(30.0, 2744.0)	(31.0, 5661.0)	(32.0, 12721.0)	(33.0, 27547.0)	(34.0, 58526.0)	(35.0, 122415.0)	(36.0, 218498.0)	(37.0, 79501.0)	
SRR33022263_2	(27.0, 242.0)	(28.0, 19034.0)	(29.0, 60122.0)	(30.0, 74819.0)	(31.0, 86893.0)	(32.0, 97138.0)	(33.0, 97090.0)	(34.0, 68896.0)	(35.0, 23252.0)	(36.0, 1712.0)	(37.0, 3.0)	
SRR33075535_1	(27.0, 11.0)	(28.0, 473.0)	(29.0, 2853.0)	(30.0, 6309.0)	(31.0, 12522.0)	(32.0, 25432.0)	(33.0, 49776.0)	(34.0, 96272.0)	(35.0, 191307.0)	(36.0, 457366.0)	(37.0, 443866.0)	
SRR33075535_2	(26.0, 2.0)	(27.0, 827.0)	(28.0, 34112.0)	(29.0, 101884.0)	(30.0, 131709.0)	(31.0, 166020.0)	(32.0, 215387.0)	(33.0, 260434.0)	(34.0, 236981.0)	(35.0, 117568.0)	(36.0, 20610.0)	(37.0, 653.0)
SRR33075536_1	(27.0, 12.0)	(28.0, 459.0)	(29.0, 2742.0)	(30.0, 6229.0)	(31.0, 12624.0)	(32.0, 25296.0)	(33.0, 48997.0)	(34.0, 94067.0)	(35.0, 183993.0)	(36.0, 384209.0)	(37.0, 256258.0)	
SRR33075536_2	(26.0, 1.0)	(27.0, 847.0)	(28.0, 33970.0)	(29.0, 96840.0)	(30.0, 122380.0)	(31.0, 150745.0)	(32.0, 184904.0)	(33.0, 199332.0)	(34.0, 151464.0)	(35.0, 62780.0)	(36.0, 11181.0)	(37.0, 442.0)
SRR33075537_1	(27.0, 9.0)	(28.0, 358.0)	(29.0, 2246.0)	(30.0, 4791.0)	(31.0, 10016.0)	(32.0, 20416.0)	(33.0, 41023.0)	(34.0, 80884.0)	(35.0, 167199.0)	(36.0, 405984.0)	(37.0, 395460.0)	
SRR33075537_2	(26.0, 2.0)	(27.0, 1117.0)	(28.0, 35854.0)	(29.0, 96898.0)	(30.0, 124340.0)	(31.0, 155577.0)	(32.0, 198363.0)	(33.0, 227896.0)	(34.0, 189986.0)	(35.0, 84307.0)	(36.0, 13601.0)	(37.0, 445.0)
SRR33075538_1	(27.0, 11.0)	(28.0, 447.0)	(29.0, 2509.0)	(30.0, 5539.0)	(31.0, 11396.0)	(32.0, 22817.0)	(33.0, 45833.0)	(34.0, 87613.0)	(35.0, 176881.0)	(36.0, 419950.0)	(37.0, 390657.0)	
SRR33075538_2	(26.0, 2.0)	(27.0, 812.0)	(28.0, 31587.0)	(29.0, 93089.0)	(30.0, 120142.0)	(31.0, 150508.0)	(32.0, 193561.0)	(33.0, 233585.0)	(34.0, 212884.0)	(35.0, 107270.0)	(36.0, 19604.0)	(37.0, 609.0)
SRR33075539_1	(27.0, 30.0)	(28.0, 1077.0)	(29.0, 5920.0)	(30.0, 12045.0)	(31.0, 22620.0)	(32.0, 42590.0)	(33.0, 76384.0)	(34.0, 132345.0)	(35.0, 237488.0)	(36.0, 519802.0)	(37.0, 595311.0)	
SRR33075539_2	(26.0, 2.0)	(27.0, 700.0)	(28.0, 34315.0)	(29.0, 108094.0)	(30.0, 137795.0)	(31.0, 169189.0)	(32.0, 214297.0)	(33.0, 276250.0)	(34.0, 332345.0)	(35.0, 276800.0)	(36.0, 91610.0)	(37.0, 4215.0)
SRR33075540_1	(27.0, 19.0)	(28.0, 762.0)	(29.0, 4126.0)	(30.0, 8378.0)	(31.0, 15798.0)	(32.0, 29239.0)	(33.0, 53361.0)	(34.0, 92416.0)	(35.0, 166504.0)	(36.0, 366074.0)	(37.0, 428856.0)	
SRR33075540_2	(26.0, 1.0)	(27.0, 542.0)	(28.0, 25147.0)	(29.0, 77807.0)	(30.0, 99468.0)	(31.0, 121923.0)	(32.0, 153683.0)	(33.0, 198596.0)	(34.0, 236343.0)	(35.0, 191475.0)	(36.0, 58397.0)	(37.0, 2151.0)
SRR33075541_1	(27.0, 2.0)	(28.0, 88.0)	(29.0, 459.0)	(30.0, 1002.0)	(31.0, 2140.0)	(32.0, 4559.0)	(33.0, 9955.0)	(34.0, 20497.0)	(35.0, 42079.0)	(36.0, 102613.0)	(37.0, 138558.0)	
SRR33075541_2	(27.0, 130.0)	(28.0, 5698.0)	(29.0, 19504.0)	(30.0, 26162.0)	(31.0, 33459.0)	(32.0, 45916.0)	(33.0, 64220.0)	(34.0, 74260.0)	(35.0, 44901.0)	(36.0, 7494.0)	(37.0, 208.0)	
SRR33075542_1	(27.0, 3.0)	(28.0, 94.0)	(29.0, 528.0)	(30.0, 1155.0)	(31.0, 2250.0)	(32.0, 4764.0)	(33.0, 10375.0)	(34.0, 22391.0)	(35.0, 48116.0)	(36.0, 118902.0)	(37.0, 154645.0)	
SRR33075542_2	(26.0, 1.0)	(27.0, 173.0)	(28.0, 7228.0)	(29.0, 24133.0)	(30.0, 31981.0)	(31.0, 41304.0)	(32.0, 56605.0)	(33.0, 76121.0)	(34.0, 79196.0)	(35.0, 40277.0)	(36.0, 6009.0)	(37.0, 195.0)
SRR33075543_1	(27.0, 4.0)	(28.0, 92.0)	(29.0, 560.0)	(30.0, 1128.0)	(31.0, 2352.0)	(32.0, 4928.0)	(33.0, 10850.0)	(34.0, 22712.0)	(35.0, 48330.0)	(36.0, 118482.0)	(37.0, 149371.0)	
SRR33075543_2	(27.0, 156.0)	(28.0, 7082.0)	(29.0, 23402.0)	(30.0, 30891.0)	(31.0, 40485.0)	(32.0, 54496.0)	(33.0, 74077.0)	(34.0, 78947.0)	(35.0, 42840.0)	(36.0, 6274.0)	(37.0, 159.0)	
SRR33075544_1	(27.0, 1.0)	(28.0, 92.0)	(29.0, 535.0)	(30.0, 1172.0)	(31.0, 2342.0)	(32.0, 4970.0)	(33.0, 10650.0)	(34.0, 21511.0)	(35.0, 44224.0)	(36.0, 106167.0)	(37.0, 133242.0)	
SRR33075544_2	(27.0, 133.0)	(28.0, 5842.0)	(29.0, 20060.0)	(30.0, 26722.0)	(31.0, 34423.0)	(32.0, 47448.0)	(33.0, 65919.0)	(34.0, 73757.0)	(35.0, 43558.0)	(36.0, 6885.0)	(37.0, 159.0)	
SRR33075545_1	(27.0, 6.0)	(28.0, 103.0)	(29.0, 640.0)	(30.0, 1182.0)	(31.0, 2588.0)	(32.0, 5560.0)	(33.0, 11775.0)	(34.0, 24817.0)	(35.0, 51927.0)	(36.0, 126194.0)	(37.0, 163405.0)	
SRR33075545_2	(26.0, 2.0)	(27.0, 185.0)	(28.0, 7149.0)	(29.0, 24383.0)	(30.0, 32333.0)	(31.0, 41710.0)	(32.0, 57257.0)	(33.0, 79594.0)	(34.0, 86172.0)	(35.0, 49086.0)	(36.0, 9827.0)	(37.0, 499.0)
SRR33075546_1	(27.0, 1.0)	(28.0, 108.0)	(29.0, 545.0)	(30.0, 1090.0)	(31.0, 2319.0)	(32.0, 4855.0)	(33.0, 10253.0)	(34.0, 21543.0)	(35.0, 44467.0)	(36.0, 107547.0)	(37.0, 134192.0)	
SRR33075546_2	(27.0, 177.0)	(28.0, 6379.0)	(29.0, 21027.0)	(30.0, 28216.0)	(31.0, 36152.0)	(32.0, 49152.0)	(33.0, 67538.0)	(34.0, 72200.0)	(35.0, 39414.0)	(36.0, 6446.0)	(37.0, 219.0)	
SRR33075547_1	(27.0, 16.0)	(28.0, 991.0)	(29.0, 5635.0)	(30.0, 11416.0)	(31.0, 20985.0)	(32.0, 38084.0)	(33.0, 66687.0)	(34.0, 113587.0)	(35.0, 201915.0)	(36.0, 438175.0)	(37.0, 503147.0)	
SRR33075547_2	(26.0, 1.0)	(27.0, 525.0)	(28.0, 26769.0)	(29.0, 88380.0)	(30.0, 114791.0)	(31.0, 141274.0)	(32.0, 179579.0)	(33.0, 233385.0)	(34.0, 285926.0)	(35.0, 245573.0)	(36.0, 81236.0)	(37.0, 3199.0)
SRR33075548_1	(27.0, 11.0)	(28.0, 225.0)	(29.0, 1183.0)	(30.0, 2436.0)	(31.0, 4959.0)	(32.0, 9803.0)	(33.0, 17816.0)	(34.0, 33036.0)	(35.0, 61038.0)	(36.0, 143921.0)	(37.0, 153765.0)	
SRR33075548_2	(27.0, 101.0)	(28.0, 5318.0)	(29.0, 19703.0)	(30.0, 26994.0)	(31.0, 34979.0)	(32.0, 46892.0)	(33.0, 66252.0)	(34.0, 93974.0)	(35.0, 97566.0)	(36.0, 34901.0)	(37.0, 1513.0)	
SRR33075549_1	(27.0, 6.0)	(28.0, 183.0)	(29.0, 940.0)	(30.0, 2014.0)	(31.0, 3901.0)	(32.0, 7927.0)	(33.0, 15712.0)	(34.0, 29361.0)	(35.0, 56799.0)	(36.0, 133549.0)	(37.0, 144076.0)	
SRR33075549_2	(27.0, 101.0)	(28.0, 5759.0)	(29.0, 20429.0)	(30.0, 27569.0)	(31.0, 35067.0)	(32.0, 46652.0)	(33.0, 65581.0)	(34.0, 88817.0)	(35.0, 79800.0)	(36.0, 23382.0)	(37.0, 1311.0)	
SRR33075550_1	(27.0, 14.0)	(28.0, 197.0)	(29.0, 1093.0)	(30.0, 2222.0)	(31.0, 4536.0)	(32.0, 9019.0)	(33.0, 17736.0)	(34.0, 33188.0)	(35.0, 63419.0)	(36.0, 147843.0)	(37.0, 150630.0)	
SRR33075550_2	(27.0, 123.0)	(28.0, 6256.0)	(29.0, 21989.0)	(30.0, 30162.0)	(31.0, 38886.0)	(32.0, 50808.0)	(33.0, 71214.0)	(34.0, 96031.0)	(35.0, 88245.0)	(36.0, 25529.0)	(37.0, 654.0)	
SRR33075551_1	(27.0, 8.0)	(28.0, 219.0)	(29.0, 1183.0)	(30.0, 2630.0)	(31.0, 5146.0)	(32.0, 10056.0)	(33.0, 18423.0)	(34.0, 32965.0)	(35.0, 60679.0)	(36.0, 140192.0)	(37.0, 141779.0)	
SRR33075551_2	(27.0, 96.0)	(28.0, 5499.0)	(29.0, 19921.0)	(30.0, 27284.0)	(31.0, 35073.0)	(32.0, 46699.0)	(33.0, 65610.0)	(34.0, 91378.0)	(35.0, 90847.0)	(36.0, 29884.0)	(37.0, 989.0)	
SRR33075552_1	(27.0, 5.0)	(28.0, 198.0)	(29.0, 936.0)	(30.0, 2058.0)	(31.0, 4011.0)	(32.0, 8138.0)	(33.0, 15253.0)	(34.0, 27900.0)	(35.0, 51897.0)	(36.0, 122729.0)	(37.0, 132219.0)	
SRR33075552_2	(27.0, 93.0)	(28.0, 4820.0)	(29.0, 17443.0)	(30.0, 23998.0)	(31.0, 31034.0)	(32.0, 41219.0)	(33.0, 57980.0)	(34.0, 80740.0)	(35.0, 78495.0)	(36.0, 27634.0)	(37.0, 1888.0)	
SRR33075553_1	(27.0, 6.0)	(28.0, 182.0)	(29.0, 959.0)	(30.0, 2110.0)	(31.0, 3994.0)	(32.0, 7889.0)	(33.0, 15395.0)	(34.0, 28230.0)	(35.0, 52952.0)	(36.0, 122096.0)	(37.0, 123995.0)	
SRR33075553_2	(27.0, 114.0)	(28.0, 5164.0)	(29.0, 17747.0)	(30.0, 24394.0)	(31.0, 31408.0)	(32.0, 41924.0)	(33.0, 58456.0)	(34.0, 80069.0)	(35.0, 74351.0)	(36.0, 23017.0)	(37.0, 1164.0)	
SRR33075554_1	(27.0, 4.0)	(28.0, 176.0)	(29.0, 942.0)	(30.0, 2019.0)	(31.0, 3785.0)	(32.0, 7305.0)	(33.0, 13213.0)	(34.0, 23357.0)	(35.0, 42178.0)	(36.0, 100778.0)	(37.0, 183934.0)	
SRR33075554_2	(27.0, 111.0)	(28.0, 4646.0)	(29.0, 14533.0)	(30.0, 19930.0)	(31.0, 25887.0)	(32.0, 35342.0)	(33.0, 50918.0)	(34.0, 76553.0)	(35.0, 99723.0)	(36.0, 49049.0)	(37.0, 999.0)	
SRR33075555_1	(27.0, 4.0)	(28.0, 145.0)	(29.0, 898.0)	(30.0, 1962.0)	(31.0, 3832.0)	(32.0, 7551.0)	(33.0, 14100.0)	(34.0, 25104.0)	(35.0, 45985.0)	(36.0, 111006.0)	(37.0, 201824.0)	
SRR33075555_2	(27.0, 128.0)	(28.0, 5353.0)	(29.0, 16428.0)	(30.0, 22227.0)	(31.0, 29657.0)	(32.0, 40034.0)	(33.0, 56713.0)	(34.0, 85118.0)	(35.0, 106051.0)	(36.0, 49634.0)	(37.0, 1068.0)	
SRR33075556_1	(27.0, 3.0)	(28.0, 171.0)	(29.0, 1208.0)	(30.0, 2399.0)	(31.0, 4667.0)	(32.0, 8883.0)	(33.0, 16218.0)	(34.0, 28149.0)	(35.0, 51032.0)	(36.0, 122561.0)	(37.0, 228831.0)	
SRR33075556_2	(27.0, 112.0)	(28.0, 5162.0)	(29.0, 17008.0)	(30.0, 23496.0)	(31.0, 31096.0)	(32.0, 42198.0)	(33.0, 60182.0)	(34.0, 91635.0)	(35.0, 124387.0)	(36.0, 67258.0)	(37.0, 1588.0)	
SRR33075557_1	(27.0, 5.0)	(28.0, 186.0)	(29.0, 941.0)	(30.0, 1912.0)	(31.0, 3709.0)	(32.0, 7519.0)	(33.0, 14579.0)	(34.0, 26840.0)	(35.0, 50935.0)	(36.0, 122049.0)	(37.0, 191947.0)	
SRR33075557_2	(26.0, 2.0)	(27.0, 148.0)	(28.0, 6861.0)	(29.0, 20374.0)	(30.0, 26555.0)	(31.0, 34771.0)	(32.0, 46443.0)	(33.0, 64961.0)	(34.0, 91479.0)	(35.0, 95594.0)	(36.0, 32903.0)	(37.0, 531.0)
SRR33075558_1	(27.0, 12.0)	(28.0, 763.0)	(29.0, 4719.0)	(30.0, 9777.0)	(31.0, 18420.0)	(32.0, 33841.0)	(33.0, 59427.0)	(34.0, 102232.0)	(35.0, 181647.0)	(36.0, 367085.0)	(37.0, 309676.0)	
SRR33075558_2	(26.0, 1.0)	(27.0, 477.0)	(28.0, 24224.0)	(29.0, 78616.0)	(30.0, 100155.0)	(31.0, 123647.0)	(32.0, 154113.0)	(33.0, 193421.0)	(34.0, 211894.0)	(35.0, 154167.0)	(36.0, 44807.0)	(37.0, 2077.0)
SRR33075559_1	(27.0, 3.0)	(28.0, 193.0)	(29.0, 1156.0)	(30.0, 2215.0)	(31.0, 4247.0)	(32.0, 8026.0)	(33.0, 14813.0)	(34.0, 25826.0)	(35.0, 46316.0)	(36.0, 113272.0)	(37.0, 211591.0)	
SRR33075559_2	(27.0, 105.0)	(28.0, 4888.0)	(29.0, 15652.0)	(30.0, 21413.0)	(31.0, 28601.0)	(32.0, 38853.0)	(33.0, 56003.0)	(34.0, 84947.0)	(35.0, 115060.0)	(36.0, 60565.0)	(37.0, 1571.0)	
SRR33075560_1	(27.0, 2.0)	(28.0, 125.0)	(29.0, 756.0)	(30.0, 1542.0)	(31.0, 3117.0)	(32.0, 6134.0)	(33.0, 11668.0)	(34.0, 21100.0)	(35.0, 39305.0)	(36.0, 95874.0)	(37.0, 169844.0)	
SRR33075560_2	(27.0, 102.0)	(28.0, 4823.0)	(29.0, 14582.0)	(30.0, 20230.0)	(31.0, 26182.0)	(32.0, 35043.0)	(33.0, 50104.0)	(34.0, 74203.0)	(35.0, 87046.0)	(36.0, 36428.0)	(37.0, 724.0)	
SRR33075561_1	(27.0, 3.0)	(28.0, 239.0)	(29.0, 1455.0)	(30.0, 2801.0)	(31.0, 5353.0)	(32.0, 9208.0)	(33.0, 15132.0)	(34.0, 24189.0)	(35.0, 41199.0)	(36.0, 93964.0)	(37.0, 178083.0)	
SRR33075561_2	(26.0, 1.0)	(27.0, 73.0)	(28.0, 3172.0)	(29.0, 10652.0)	(30.0, 15551.0)	(31.0, 20931.0)	(32.0, 28286.0)	(33.0, 39616.0)	(34.0, 60207.0)	(35.0, 94864.0)	(36.0, 91112.0)	(37.0, 7161.0)
SRR33075562_1	(27.0, 8.0)	(28.0, 232.0)	(29.0, 1245.0)	(30.0, 2513.0)	(31.0, 4470.0)	(32.0, 8073.0)	(33.0, 13304.0)	(34.0, 21525.0)	(35.0, 36732.0)	(36.0, 83741.0)	(37.0, 151214.0)	
SRR33075562_2	(27.0, 90.0)	(28.0, 2873.0)	(29.0, 9750.0)	(30.0, 13955.0)	(31.0, 18690.0)	(32.0, 25831.0)	(33.0, 36125.0)	(34.0, 54486.0)	(35.0, 81923.0)	(36.0, 73626.0)	(37.0, 5708.0)	
SRR33075563_1	(27.0, 14.0)	(28.0, 370.0)	(29.0, 2142.0)	(30.0, 4348.0)	(31.0, 8033.0)	(32.0, 13642.0)	(33.0, 22176.0)	(34.0, 35490.0)	(35.0, 59595.0)	(36.0, 135258.0)	(37.0, 257070.0)	
SRR33075563_2	(27.0, 84.0)	(28.0, 4058.0)	(29.0, 15151.0)	(30.0, 21478.0)	(31.0, 29149.0)	(32.0, 39674.0)	(33.0, 55919.0)	(34.0, 84980.0)	(35.0, 135695.0)	(36.0, 139505.0)	(37.0, 12445.0)	
SRR33075564_1	(27.0, 7.0)	(28.0, 219.0)	(29.0, 1220.0)	(30.0, 2616.0)	(31.0, 4903.0)	(32.0, 9199.0)	(33.0, 15944.0)	(34.0, 26963.0)	(35.0, 47234.0)	(36.0, 106323.0)	(37.0, 169685.0)	
SRR33075564_2	(27.0, 101.0)	(28.0, 4546.0)	(29.0, 14890.0)	(30.0, 20728.0)	(31.0, 26758.0)	(32.0, 35240.0)	(33.0, 49048.0)	(34.0, 70846.0)	(35.0, 94795.0)	(36.0, 64195.0)	(37.0, 3166.0)	
SRR33075565_1	(27.0, 8.0)	(28.0, 257.0)	(29.0, 1525.0)	(30.0, 3099.0)	(31.0, 5604.0)	(32.0, 9801.0)	(33.0, 15884.0)	(34.0, 25506.0)	(35.0, 42786.0)	(36.0, 99955.0)	(37.0, 182944.0)	
SRR33075565_2	(27.0, 67.0)	(28.0, 3194.0)	(29.0, 10868.0)	(30.0, 15506.0)	(31.0, 21106.0)	(32.0, 29201.0)	(33.0, 40947.0)	(34.0, 62255.0)	(35.0, 98189.0)	(36.0, 97392.0)	(37.0, 8644.0)	
SRR33075566_1	(27.0, 6.0)	(28.0, 204.0)	(29.0, 1157.0)	(30.0, 2311.0)	(31.0, 4264.0)	(32.0, 7651.0)	(33.0, 12995.0)	(34.0, 20772.0)	(35.0, 36338.0)	(36.0, 84327.0)	(37.0, 142662.0)	
SRR33075566_2	(27.0, 72.0)	(28.0, 3015.0)	(29.0, 10028.0)	(30.0, 14244.0)	(31.0, 18907.0)	(32.0, 25344.0)	(33.0, 36175.0)	(34.0, 54205.0)	(35.0, 80498.0)	(36.0, 65718.0)	(37.0, 4481.0)	
SRR33075567_1	(27.0, 16.0)	(28.0, 566.0)	(29.0, 3368.0)	(30.0, 7189.0)	(31.0, 14307.0)	(32.0, 28917.0)	(33.0, 56193.0)	(34.0, 108844.0)	(35.0, 217784.0)	(36.0, 522009.0)	(37.0, 503441.0)	
SRR33075567_2	(26.0, 1.0)	(27.0, 1079.0)	(28.0, 41981.0)	(29.0, 119123.0)	(30.0, 151744.0)	(31.0, 192497.0)	(32.0, 247274.0)	(33.0, 295081.0)	(34.0, 260120.0)	(35.0, 127664.0)	(36.0, 25110.0)	(37.0, 960.0)
SRR33075568_1	(27.0, 18.0)	(28.0, 466.0)	(29.0, 2606.0)	(30.0, 5745.0)	(31.0, 11569.0)	(32.0, 23310.0)	(33.0, 46398.0)	(34.0, 90236.0)	(35.0, 183556.0)	(36.0, 446964.0)	(37.0, 439562.0)	
SRR33075568_2	(27.0, 1131.0)	(28.0, 37887.0)	(29.0, 104057.0)	(30.0, 132740.0)	(31.0, 167579.0)	(32.0, 215507.0)	(33.0, 253742.0)	(34.0, 219859.0)	(35.0, 101030.0)	(36.0, 16414.0)	(37.0, 484.0)	
SRR33075569_1	(27.0, 15.0)	(28.0, 786.0)	(29.0, 4076.0)	(30.0, 8348.0)	(31.0, 15725.0)	(32.0, 29599.0)	(33.0, 54069.0)	(34.0, 95391.0)	(35.0, 173165.0)	(36.0, 379384.0)	(37.0, 435957.0)	
SRR33075569_2	(26.0, 1.0)	(27.0, 612.0)	(28.0, 26828.0)	(29.0, 81773.0)	(30.0, 104653.0)	(31.0, 127177.0)	(32.0, 160841.0)	(33.0, 205721.0)	(34.0, 240415.0)	(35.0, 189495.0)	(36.0, 56956.0)	(37.0, 2043.0)
SRR33075570_1	(27.0, 20.0)	(28.0, 949.0)	(29.0, 5251.0)	(30.0, 10781.0)	(31.0, 19915.0)	(32.0, 37551.0)	(33.0, 66568.0)	(34.0, 114833.0)	(35.0, 205510.0)	(36.0, 445259.0)	(37.0, 492145.0)	
SRR33075570_2	(26.0, 1.0)	(27.0, 512.0)	(28.0, 26971.0)	(29.0, 89846.0)	(30.0, 115326.0)	(31.0, 142496.0)	(32.0, 178545.0)	(33.0, 231348.0)	(34.0, 285030.0)	(35.0, 244915.0)	(36.0, 80997.0)	(37.0, 2795.0)
